1,0,160,639,45,104,1.000000
1,1,1265,619,90,263,1.000000
1,2,483,661,58,122,1.000000
1,3,1795,656,117,253,1.000000
1,4,0,605,84,375,1.000000
1,5,584,657,45,130,1.000000
1,6,455,647,49,135,1.000000
1,7,1193,647,68,149,1.000000
1,8,826,634,74,216,1.000000
1,9,1326,627,47,164,1.000000
1,10,603,660,48,108,2.453125
1,12,1104,496,68,248,8.000000
2,0,162,637,43,114,8.062500
2,1,1264,617,90,264,9.437500
2,2,492,661,48,121,9.312500
2,3,1793,660,117,248,9.062500
2,4,0,602,67,379,8.250000
2,5,583,655,43,131,8.500000
2,6,456,647,46,135,8.937500
2,7,1189,647,74,149,8.687500
2,8,829,632,73,217,8.500000
2,9,1328,627,50,164,8.000000
2,10,603,657,46,110,2.515625
2,12,1102,496,67,247,8.625000
3,0,164,635,44,116,7.843750
3,1,1263,616,90,264,9.375000
3,2,491,658,48,124,9.437500
3,3,1788,659,120,247,9.000000
3,4,0,602,63,377,8.000000
3,5,584,655,39,130,8.500000
3,6,454,647,47,136,8.937500
3,7,1187,646,75,150,9.000000
3,8,830,631,72,218,8.562500
3,9,1332,626,56,165,8.062500
3,10,603,654,40,112,1.742188
3,12,1103,495,64,246,8.125000
4,0,165,633,45,116,7.125000
4,1,1263,616,88,263,8.750000
4,2,490,657,49,125,9.125000
4,3,1788,663,119,243,8.437500
4,4,0,600,64,378,7.718750
4,5,583,654,38,130,7.937500
4,6,453,647,48,134,8.625000
4,7,1184,647,76,148,8.312500
4,8,832,629,70,219,8.062500
4,9,1336,626,60,165,7.593750
4,10,603,650,37,115,1.867188
4,12,1102,495,64,245,8.187500
5,0,168,632,44,118,7.156250
5,1,1263,617,87,262,8.562500
5,2,490,656,48,125,8.750000
5,3,1781,661,120,244,8.562500
5,4,0,600,65,377,6.937500
5,5,583,653,36,129,8.375000
5,6,453,645,49,135,8.250000
5,7,1181,647,77,148,8.312500
5,8,834,628,68,219,8.125000
5,9,1335,624,70,168,7.625000
5,10,602,650,37,113,1.562500
5,12,1102,494,63,247,8.375000
6,0,169,631,45,121,6.875000
6,1,1262,615,87,263,8.437500
6,2,491,656,47,126,9.062500
6,3,1778,660,114,242,8.375000
6,4,0,655,64,323,6.250000
6,5,582,652,36,130,8.375000
6,6,453,645,45,135,8.375000
6,7,1179,646,74,148,8.062500
6,8,835,627,69,220,8.312500
6,9,1334,623,75,168,7.000000
6,10,603,650,36,112,1.367188
6,12,1102,493,62,246,8.375000
7,0,170,636,45,117,6.625000
7,1,1261,614,88,263,8.375000
7,2,490,656,47,126,8.937500
7,3,1771,656,111,244,7.968750
7,4,0,658,61,153,6.062500
7,5,580,653,38,128,8.437500
7,6,453,645,45,136,8.687500
7,7,1175,646,68,147,8.000000
7,8,838,627,66,219,7.875000
7,9,1334,628,76,163,7.468750
7,10,603,648,30,64,0.898438
7,12,1101,492,64,246,8.562500
8,0,174,636,41,116,6.750000
8,1,1261,614,88,263,8.437500
8,2,489,656,48,126,8.562500
8,3,1764,655,105,239,8.062500
8,4,0,673,57,137,5.437500
8,5,578,651,37,128,8.312500
8,6,452,645,47,136,8.812500
8,7,1173,647,67,146,7.937500
8,8,840,626,65,220,8.187500
8,9,1336,629,76,163,7.375000
8,10,595,646,38,112,1.195312
8,12,1100,492,63,245,8.625000
9,0,178,637,39,116,6.593750
9,1,1260,613,89,264,8.187500
9,2,489,656,49,126,8.562500
9,3,1756,658,99,232,7.656250
9,4,0,683,51,126,4.906250
9,5,576,651,37,128,8.312500
9,6,452,646,47,135,8.625000
9,7,1172,648,68,145,7.843750
9,8,843,626,63,220,8.062500
9,9,1337,630,75,162,7.062500
9,10,601,645,17,93,1.140625
9,12,1100,492,64,245,8.937500
10,0,180,634,40,119,6.656250
10,1,1260,614,89,262,8.187500
10,2,490,656,48,126,8.437500
10,3,1749,652,93,236,7.718750
10,4,0,701,45,110,4.781250
10,5,574,649,38,130,8.187500
10,6,451,645,48,136,8.562500
10,7,1170,648,71,144,7.812500
10,8,845,626,63,220,7.593750
10,9,1342,630,70,162,7.156250
10,10,603,645,14,87,1.281250
10,12,1100,492,64,244,8.750000
11,0,183,635,39,118,6.656250
11,1,1259,614,90,263,8.000000
11,2,490,656,48,127,8.625000
11,3,1741,655,86,233,7.625000
11,4,0,726,34,89,4.718750
11,5,574,652,35,128,8.187500
11,6,449,647,49,135,8.875000
11,7,1169,645,62,147,7.687500
11,8,847,627,63,220,7.687500
11,9,1348,628,63,165,7.187500
11,10,595,648,20,113,1.203125
11,12,1098,492,66,244,8.625000
12,0,185,635,41,119,6.718750
12,1,1259,615,90,262,8.125000
12,2,490,656,49,127,8.562500
12,3,1737,652,77,227,7.906250
12,4,0,744,21,75,4.312500
12,5,571,654,36,126,8.562500
12,6,447,645,52,137,8.875000
12,7,1167,645,64,148,7.750000
12,8,849,629,70,220,7.625000
12,9,1356,627,54,166,7.125000
12,10,595,648,21,127,1.148438
12,12,1097,492,65,245,8.500000
13,0,185,633,43,120,6.687500
13,1,1259,615,90,263,8.000000
13,2,491,656,48,127,8.437500
13,3,1734,649,71,221,7.812500
13,4,0,779,11,46,1.828125
13,5,569,655,37,125,8.312500
13,6,447,645,50,137,8.812500
13,7,1163,645,68,147,7.781250
13,8,852,629,75,220,7.625000
13,9,1363,629,49,164,7.125000
13,10,596,648,19,112,1.718750
13,12,1097,493,64,244,8.687500
14,0,184,635,47,120,6.875000
14,1,1258,615,91,263,7.812500
14,2,491,656,48,128,8.437500
14,3,1732,650,67,221,7.750000
14,5,567,652,38,129,8.000000
14,6,445,645,54,139,8.750000
14,7,1162,646,65,145,7.656250
14,8,852,629,81,222,7.593750
14,9,1368,629,45,165,6.781250
14,10,596,649,18,93,1.703125
14,12,1096,494,64,244,8.312500
15,0,183,636,51,122,6.875000
15,1,1259,616,90,263,7.750000
15,2,491,656,48,129,8.625000
15,3,1730,650,64,222,7.781250
15,5,566,654,37,127,7.937500
15,6,445,645,53,139,8.437500
15,7,1160,646,69,145,7.750000
15,8,852,630,82,222,7.750000
15,9,1366,630,51,166,6.968750
15,10,594,650,19,103,2.484375
15,12,1096,494,64,244,8.500000
16,0,183,639,55,122,6.781250
16,1,1259,617,89,262,7.812500
16,2,491,656,47,130,8.562500
16,3,1729,654,64,218,7.375000
16,5,564,654,38,128,7.593750
16,6,443,646,53,138,8.625000
16,7,1159,646,69,146,7.781250
16,8,852,631,81,223,7.625000
16,9,1363,629,61,170,6.906250
16,10,592,652,21,108,3.234375
16,12,1095,495,64,244,8.625000
17,0,186,641,53,120,7.062500
17,1,1258,618,90,262,7.406250
17,2,491,656,47,130,8.437500
17,3,1729,657,63,215,7.093750
17,5,564,654,37,129,7.593750
17,6,443,647,55,138,8.875000
17,7,1159,647,68,146,7.750000
17,8,852,633,80,221,7.656250
17,9,1367,632,64,166,6.906250
17,10,589,653,23,109,3.750000
17,12,1096,495,63,244,8.562500
18,0,190,645,55,117,7.000000
18,1,1259,619,89,262,7.437500
18,2,493,657,46,129,8.312500
18,3,1728,656,63,216,6.968750
18,5,563,656,38,127,7.343750
18,6,443,647,55,139,8.812500
18,7,1159,647,68,146,7.781250
18,8,852,632,80,223,7.656250
18,9,1368,633,68,167,6.968750
18,10,585,653,28,111,4.593750
18,12,1095,496,63,243,8.500000
19,0,196,648,53,114,6.937500
19,1,1260,619,88,262,7.468750
19,2,492,658,48,130,8.187500
19,3,1728,659,62,214,6.562500
19,5,563,657,36,126,7.343750
19,6,444,647,56,140,8.562500
19,7,1159,647,68,146,7.843750
19,8,854,632,79,224,7.531250
19,9,1371,636,77,164,7.187500
19,10,586,653,26,110,5.281250
19,12,1095,496,63,244,8.500000
20,0,201,644,52,119,6.937500
20,1,1258,619,90,263,7.843750
20,2,492,659,48,130,8.125000
20,3,1729,671,59,202,6.125000
20,5,562,657,37,127,7.687500
20,6,443,649,57,140,8.812500
20,7,1160,648,67,145,8.000000
20,8,856,632,77,225,7.468750
20,9,1373,637,79,166,7.343750
20,10,585,655,27,109,6.093750
20,12,1095,496,64,245,8.500000
21,0,208,642,47,120,7.062500
21,1,1260,620,88,263,7.937500
21,2,494,661,46,129,8.125000
21,3,1730,674,56,199,5.906250
21,5,560,657,39,128,7.500000
21,6,444,651,54,139,8.500000
21,7,1159,649,68,145,7.937500
21,8,861,631,73,227,7.562500
21,9,1374,636,84,168,7.250000
21,10,583,655,28,110,6.656250
21,12,1096,497,62,245,8.562500
22,0,215,640,44,124,7.031250
22,1,1261,621,87,262,7.718750
22,2,493,661,47,130,8.125000
22,3,1730,674,55,199,5.687500
22,5,560,658,37,128,7.656250
22,6,443,651,55,140,8.500000
22,7,1159,650,68,144,7.875000
22,8,865,632,73,226,7.437500
22,9,1378,638,82,168,7.093750
22,10,583,656,26,109,6.406250
22,12,1095,498,64,244,8.375000
23,0,218,638,45,127,6.968750
23,1,1261,621,87,262,7.750000
23,2,493,661,46,131,8.187500
23,3,1730,675,51,198,5.312500
23,5,558,658,38,128,7.843750
23,6,443,652,56,139,8.500000
23,7,1160,651,67,144,7.843750
23,8,871,632,70,227,7.562500
23,9,1383,638,78,168,7.156250
23,10,583,656,25,111,1.000000
23,12,1095,498,64,245,8.437500
24,0,221,640,48,127,6.906250
24,1,1259,622,89,262,7.875000
24,2,493,662,45,130,8.125000
24,3,1732,694,50,179,4.656250
24,5,558,658,38,127,7.750000
24,6,443,652,56,141,8.562500
24,7,1160,651,68,144,7.875000
24,8,879,633,67,226,7.656250
24,9,1388,637,76,169,7.062500
24,10,582,656,27,111,5.343750
24,12,1095,499,64,244,8.187500
25,0,224,640,48,129,6.750000
25,1,1257,621,91,263,7.750000
25,2,494,663,44,130,8.375000
25,3,1736,842,34,29,3.781250
25,5,557,658,37,127,7.593750
25,6,444,653,55,140,8.625000
25,7,1160,651,67,144,7.937500
25,8,882,632,68,228,7.937500
25,9,1394,638,72,169,7.062500
25,10,582,657,25,111,4.906250
25,12,1095,500,64,244,8.312500
26,0,227,641,50,129,6.593750
26,1,1256,622,92,262,7.656250
26,2,493,663,45,131,8.625000
26,3,1735,844,23,25,2.187500
26,5,555,658,38,127,7.625000
26,6,445,654,54,140,8.500000
26,7,1159,651,68,144,7.906250
26,8,883,632,72,230,8.062500
26,9,1400,637,68,171,6.781250
26,10,582,657,26,111,4.812500
26,12,1095,500,64,245,8.375000
27,0,232,644,46,127,6.562500
27,1,1257,622,91,263,7.843750
27,2,493,663,46,131,8.625000
27,3,1736,849,11,17,1.015625
27,5,553,659,39,127,7.531250
27,6,444,654,55,141,8.625000
27,7,1159,651,67,144,8.062500
27,8,885,634,76,231,8.062500
27,9,1408,636,60,172,6.812500
27,10,582,657,23,111,4.281250
27,12,1095,501,64,244,8.375000
28,0,235,647,47,125,6.656250
28,1,1258,623,90,263,7.468750
28,2,494,663,45,132,8.875000
28,5,551,659,41,127,7.250000
28,6,444,654,55,141,8.500000
28,7,1159,652,67,143,7.906250
28,8,886,635,80,232,7.875000
28,9,1415,636,56,173,6.687500
28,10,580,658,24,109,4.281250
28,11,1905,887,15,12,4.468750
28,12,1095,501,64,245,8.625000
29,0,241,646,44,125,6.500000
29,1,1257,623,91,264,7.031250
29,2,494,663,46,132,8.750000
29,5,549,659,41,128,7.156250
29,6,443,654,57,142,8.187500
29,7,1159,652,68,143,7.812500
29,8,889,636,79,232,7.437500
29,9,1422,639,55,170,6.593750
29,10,580,661,22,106,4.187500
29,11,1890,873,30,24,6.281250
29,12,1095,501,64,246,8.437500
30,0,245,647,41,125,6.312500
30,1,1256,624,92,263,7.000000
30,2,495,663,46,132,8.812500
30,5,548,660,40,127,7.250000
30,6,446,654,53,142,7.937500
30,7,1157,652,70,143,7.718750
30,8,894,637,77,231,7.343750
30,9,1428,639,57,171,6.687500
30,10,572,660,29,112,4.250000
30,11,1882,861,38,42,1.000000
30,12,1095,502,65,244,8.500000
31,0,249,647,40,126,6.125000
31,1,1256,624,92,264,6.937500
31,2,496,663,45,132,8.687500
31,5,547,662,39,125,7.218750
31,6,444,653,58,143,8.062500
31,7,1158,652,69,143,7.437500
31,8,895,638,78,231,7.406250
31,9,1431,642,67,168,6.562500
31,10,576,660,24,108,3.765625
31,11,1880,846,40,58,8.187500
31,12,1095,502,65,244,8.562500
32,0,251,644,43,129,6.281250
32,1,1261,624,87,264,6.500000
32,2,496,663,49,133,8.437500
32,5,543,662,41,126,7.062500
32,6,445,652,57,145,7.750000
32,7,1159,652,66,144,7.187500
32,8,899,638,77,232,6.906250
32,9,1433,642,74,169,6.218750
32,10,576,660,23,75,3.828125
32,11,1877,721,43,184,6.218750
32,12,1095,502,65,245,8.500000
33,0,251,644,50,131,6.250000
33,1,1260,624,88,265,6.531250
33,2,497,663,47,134,8.875000
33,5,539,662,44,126,7.312500
33,6,446,652,57,145,8.000000
33,7,1159,653,63,143,7.312500
33,8,900,638,79,234,7.218750
33,9,1433,642,82,170,6.375000
33,10,576,660,23,82,4.093750
33,11,1877,713,43,193,5.343750
33,12,1095,502,65,245,8.687500
34,0,253,646,51,130,6.218750
34,1,1263,626,85,263,6.562500
34,2,498,664,45,133,8.562500
34,5,535,664,47,125,7.500000
34,6,445,653,58,145,7.750000
34,7,1159,654,65,142,7.437500
34,8,904,638,76,236,7.187500
34,9,1434,642,86,172,6.343750
34,10,568,660,30,108,3.828125
34,11,1876,675,44,231,5.062500
34,12,1095,502,65,245,9.562500
35,0,254,647,52,133,6.156250
35,1,1266,626,82,264,6.375000
35,2,498,664,48,134,8.500000
35,5,535,665,45,124,7.468750
35,6,448,652,57,146,7.812500
35,7,1159,656,66,141,7.281250
35,8,907,638,75,237,7.437500
35,9,1434,643,87,172,6.218750
35,10,573,661,25,71,3.750000
35,11,1876,665,44,241,4.750000
35,12,1096,503,64,244,10.000000
36,0,255,651,57,129,6.156250
36,1,1268,626,80,264,6.312500
36,2,499,665,48,133,8.875000
36,5,537,669,43,120,7.218750
36,6,449,653,57,145,7.781250
36,7,1159,657,58,140,7.312500
36,8,910,637,74,238,7.687500
36,9,1437,643,84,173,6.500000
36,10,554,662,43,115,4.343750
36,11,1876,661,44,245,4.562500
36,12,1097,503,63,244,1.000000
37,0,261,653,54,127,6.093750
37,1,1281,626,67,263,6.250000
37,2,500,667,47,132,8.812500
37,5,537,675,43,114,7.468750
37,6,449,654,57,145,8.375000
37,7,1161,657,52,140,7.156250
37,8,913,637,72,238,7.937500
37,9,1440,644,80,172,6.406250
37,10,569,660,27,104,4.968750
37,11,1871,661,49,245,4.625000
37,12,1095,503,65,244,8.875000
38,0,266,653,56,129,6.125000
38,1,1284,627,64,263,6.343750
38,2,501,668,45,132,8.687500
38,5,537,671,42,118,7.406250
38,6,449,656,56,144,8.687500
38,7,1159,658,54,139,7.250000
38,8,915,637,72,238,8.062500
38,9,1448,641,73,175,6.531250
38,10,569,661,27,103,5.187500
38,11,1863,660,57,246,4.812500
38,12,1095,503,64,244,8.687500
39,0,270,652,54,130,5.906250
39,1,1288,627,60,264,6.406250
39,2,500,669,44,132,8.875000
39,5,535,669,42,120,7.156250
39,6,447,656,59,145,8.375000
39,7,1157,657,55,140,7.062500
39,8,918,636,70,240,8.000000
39,9,1457,640,64,176,6.406250
39,10,551,661,43,115,5.593750
39,11,1855,659,65,247,4.781250
39,12,1095,504,64,244,8.875000
40,0,275,651,53,131,5.968750
40,1,1288,627,59,266,6.437500
40,2,499,671,44,132,8.687500
40,5,536,668,38,121,7.406250
40,6,446,657,59,145,8.312500
40,7,1156,658,52,139,7.093750
40,8,920,636,71,241,7.468750
40,9,1468,640,52,176,6.218750
40,10,552,663,41,116,5.625000
40,11,1847,658,73,247,4.875000
40,12,1095,504,62,245,8.687500
41,0,282,648,50,134,6.156250
41,1,1288,627,59,266,6.625000
41,2,499,671,45,132,8.812500
41,5,535,665,39,124,7.500000
41,6,448,658,57,145,8.312500
41,7,1156,658,50,139,7.093750
41,8,923,637,69,239,7.468750
41,9,1480,640,39,176,6.156250
41,10,562,662,30,123,5.656250
41,11,1840,657,80,248,4.781250
41,12,1094,504,63,245,8.062500
42,0,284,647,53,137,6.250000
42,1,1287,626,61,268,6.531250
42,2,499,672,46,131,8.500000
42,5,534,664,39,125,7.312500
42,6,449,659,56,144,8.500000
42,7,1156,657,49,140,6.906250
42,8,926,636,69,240,7.687500
42,9,1482,640,37,177,5.968750
42,10,562,663,29,111,5.812500
42,11,1832,657,88,248,5.093750
42,12,1094,504,62,245,8.187500
42,13,1909,809,11,36,2.015625
43,0,286,648,53,136,5.875000
43,1,1289,626,61,267,6.875000
43,2,499,672,45,131,8.437500
43,5,535,665,34,124,6.906250
43,6,451,659,54,145,8.375000
43,7,1156,657,48,139,6.906250
43,8,929,636,70,240,8.000000
43,9,1486,638,34,180,5.906250
43,10,559,664,31,112,5.750000
43,11,1824,658,96,246,5.187500
43,12,1095,503,61,247,8.062500
43,13,1907,728,13,137,3.687500
44,0,292,648,51,138,6.031250
44,1,1289,626,69,268,6.593750
44,2,498,671,48,132,8.125000
44,5,534,665,32,124,7.000000
44,6,451,659,56,145,8.437500
44,7,1156,656,46,139,6.781250
44,8,932,636,72,240,8.000000
44,9,1484,643,35,172,5.781250
44,10,561,665,29,110,5.906250
44,11,1809,661,111,244,5.187500
44,12,1094,503,61,246,8.312500
44,13,1905,709,15,177,5.187500
45,0,295,650,52,138,6.093750
45,1,1289,626,75,268,6.125000
45,2,501,672,46,131,7.750000
45,5,534,666,28,122,6.281250
45,6,453,659,52,145,7.812500
45,7,1157,655,44,140,6.343750
45,8,935,636,82,239,7.437500
45,9,1488,667,31,148,5.250000
45,10,556,665,34,110,6.156250
45,11,1799,664,121,240,5.031250
45,12,1094,503,62,246,8.250000
45,13,1901,708,19,182,6.687500
46,0,300,652,49,136,5.812500
46,1,1289,626,81,268,6.218750
46,2,501,671,47,132,7.687500
46,5,534,665,26,123,5.625000
46,6,453,658,54,146,7.625000
46,7,1156,655,44,139,6.218750
46,8,939,636,90,240,7.312500
46,9,1483,668,36,146,5.281250
46,10,555,666,35,110,6.187500
46,11,1791,663,129,241,5.000000
46,12,1094,503,62,246,8.375000
46,13,1896,707,24,183,1.000000
47,0,303,653,48,136,6.125000
47,1,1290,625,83,268,6.468750
47,2,503,671,44,132,8.000000
47,5,533,664,25,124,5.281250
47,6,454,657,54,147,8.125000
47,7,1156,654,43,140,6.281250
47,8,940,636,98,240,7.531250
47,9,1486,672,34,142,4.968750
47,10,553,665,37,114,6.531250
47,11,1791,661,124,241,4.875000
47,12,1094,503,61,246,8.250000
47,13,1880,705,40,189,7.343750
48,0,306,652,49,136,6.218750
48,1,1290,625,85,268,6.718750
48,2,502,671,45,131,8.000000
48,5,532,665,25,122,4.968750
48,6,455,657,52,146,7.875000
48,7,1156,654,43,139,6.500000
48,8,940,635,101,242,7.562500
48,9,1483,679,36,135,4.687500
48,10,553,663,36,115,6.562500
48,11,1791,660,123,242,5.156250
48,12,1093,502,63,247,8.687500
48,13,1869,705,51,178,7.343750
49,0,310,650,51,138,6.125000
49,1,1293,625,83,267,6.812500
49,2,504,671,45,130,7.937500
49,5,531,665,23,122,4.125000
49,6,455,657,52,146,7.875000
49,7,1155,653,43,140,6.718750
49,8,941,635,99,243,7.375000
49,9,1487,685,32,129,4.250000
49,10,552,663,38,113,6.625000
49,11,1789,661,122,240,4.875000
49,12,1093,502,63,246,8.625000
49,13,1866,705,54,178,7.093750
50,0,313,648,47,140,6.281250
50,1,1296,624,82,268,7.062500
50,2,503,670,47,131,7.906250
50,5,528,665,24,122,4.093750
50,6,455,656,52,147,7.843750
50,7,1155,652,42,141,6.687500
50,8,941,635,98,244,7.406250
50,9,1502,778,17,29,2.296875
50,10,552,664,34,111,6.625000
50,11,1782,660,121,240,4.906250
50,12,1094,502,61,246,8.625000
50,13,1883,705,37,176,6.781250
51,0,316,646,48,142,6.093750
51,1,1296,624,82,269,7.031250
51,2,503,673,48,129,7.937500
51,5,526,664,25,123,4.218750
51,6,456,655,53,148,7.750000
51,7,1155,652,42,140,6.718750
51,8,943,635,98,244,7.625000
51,10,552,662,34,114,6.875000
51,11,1775,660,116,239,4.625000
51,12,1093,502,62,243,8.562500
51,13,1879,705,41,170,6.781250
52,0,319,647,51,142,6.000000
52,1,1297,624,80,269,7.031250
52,2,505,672,47,131,7.875000
52,3,1510,848,12,12,0.496094
52,5,522,665,24,122,3.937500
52,6,456,656,51,146,7.656250
52,7,1155,652,42,140,6.593750
52,8,945,634,97,246,7.843750
52,10,552,662,35,114,7.000000
52,11,1769,660,110,234,4.500000
52,12,1092,502,63,243,8.812500
52,13,1876,705,44,175,6.593750
53,0,319,648,53,144,6.218750
53,1,1297,624,81,269,7.125000
53,2,506,673,47,130,7.875000
53,3,1501,843,21,18,1.914062
53,5,522,665,24,122,3.906250
53,6,456,655,53,149,7.781250
53,7,1155,651,41,141,6.937500
53,8,950,635,92,246,7.500000
53,10,551,662,37,116,7.156250
53,11,1490,662,375,229,4.750000
53,12,1093,502,62,243,8.750000
53,13,1865,706,55,175,6.593750
54,0,319,650,54,143,6.375000
54,1,1302,624,76,270,7.187500
54,2,506,676,46,128,7.750000
54,3,1495,841,27,20,2.312500
54,5,535,764,11,23,3.359375
54,6,457,656,52,149,7.968750
54,7,1156,652,39,140,7.000000
54,8,954,634,89,247,7.500000
54,10,551,663,38,115,7.093750
54,11,1762,661,90,229,4.750000
54,12,1092,502,63,244,8.812500
54,13,1860,706,60,176,6.875000
55,0,318,653,61,141,6.750000
55,1,1303,624,75,270,7.093750
55,2,506,676,47,129,7.906250
55,3,1493,841,29,21,2.437500
55,5,522,666,24,120,3.109375
55,6,457,657,51,149,8.062500
55,7,1157,652,37,141,6.906250
55,8,962,634,81,247,7.593750
55,10,550,661,40,119,7.156250
55,11,1756,660,81,231,4.500000
55,12,1093,502,62,247,8.812500
55,13,1859,706,61,176,6.937500
56,0,320,655,62,140,6.531250
56,1,1302,624,77,270,7.125000
56,2,506,666,48,139,8.000000
56,3,1489,842,33,20,2.656250
56,5,515,662,28,124,3.125000
56,6,457,656,54,151,8.125000
56,7,1156,650,39,143,6.812500
56,8,971,633,77,249,7.656250
56,10,550,664,41,116,7.375000
56,11,1750,658,79,232,4.593750
56,12,1093,502,62,247,8.812500
56,13,1859,706,61,176,6.625000
57,0,325,656,61,138,6.437500
57,1,1303,624,76,270,7.218750
57,2,507,664,48,142,7.968750
57,3,1486,750,35,112,2.781250
57,5,509,662,29,124,3.562500
57,6,456,656,56,152,7.968750
57,7,1157,651,36,141,7.062500
57,8,979,632,72,250,7.875000
57,10,551,665,38,115,7.218750
57,11,1747,658,76,232,4.468750
57,12,1092,502,63,245,9.000000
57,13,1858,706,62,176,6.781250
58,0,330,654,61,140,6.406250
58,1,1303,623,76,271,7.468750
58,2,507,662,49,144,8.187500
58,3,1495,746,26,115,2.937500
58,5,509,662,29,124,4.031250
58,6,457,657,53,150,8.187500
58,7,1155,651,37,141,7.125000
58,8,983,632,74,250,7.843750
58,10,552,665,38,116,7.281250
58,11,1742,659,77,231,4.343750
58,12,1092,502,63,244,8.937500
58,13,1855,706,65,176,6.781250
59,0,336,652,57,142,6.437500
59,1,1303,623,75,271,7.187500
59,2,507,662,49,144,8.187500
59,3,1491,717,29,144,3.187500
59,5,510,661,29,126,4.625000
59,6,457,657,54,151,8.250000
59,7,1155,651,37,141,7.156250
59,8,986,632,77,251,7.625000
59,10,553,664,38,118,7.468750
59,11,1736,659,83,231,4.281250
59,12,1091,502,64,244,9.062500
59,13,1853,705,67,177,6.875000
60,0,341,649,57,146,6.281250
60,1,1303,623,75,270,6.906250
60,2,510,670,47,136,8.187500
60,3,1486,670,34,191,3.562500
60,5,508,661,29,126,5.093750
60,6,457,657,55,151,8.187500
60,7,1154,652,38,140,7.031250
60,8,990,633,78,253,7.375000
60,10,553,665,38,117,7.312500
60,11,1733,658,85,231,3.921875
60,12,1092,502,62,244,8.937500
60,13,1850,705,64,177,7.000000
61,0,346,647,53,149,6.218750
61,1,1304,623,75,271,7.031250
61,2,507,672,50,134,8.312500
61,3,1482,660,39,201,4.031250
61,5,506,662,27,123,5.500000
61,6,458,657,50,152,8.250000
61,7,1155,651,37,141,7.093750
61,8,993,634,82,253,7.500000
61,10,553,664,39,118,7.343750
61,11,1730,661,88,229,3.812500
61,12,1092,502,62,245,8.937500
61,13,1847,705,64,177,7.125000
62,0,349,647,55,152,6.250000
62,1,1305,624,74,270,7.031250
62,2,509,670,50,136,8.437500
62,3,1479,657,42,205,4.406250
62,5,501,662,30,123,5.718750
62,6,458,657,50,153,8.312500
62,7,1155,652,37,140,7.250000
62,8,997,635,82,252,7.625000
62,10,553,664,40,118,7.343750
62,11,1726,658,92,232,3.687500
62,12,1092,502,62,245,8.875000
62,13,1848,706,60,176,7.000000
63,0,350,649,54,152,5.937500
63,1,1305,625,75,269,7.312500
63,2,511,670,48,136,8.500000
63,3,1475,657,45,205,4.625000
63,5,500,662,32,123,5.937500
63,6,458,658,51,152,8.125000
63,7,1154,652,38,140,7.000000
63,8,1001,635,84,253,7.781250
63,10,556,664,37,118,7.250000
63,11,1726,659,92,231,3.500000
63,12,1092,502,63,246,9.250000
63,13,1844,706,60,176,6.656250
64,0,353,650,54,153,5.968750
64,1,1307,625,75,270,7.218750
64,2,511,670,51,136,8.625000
64,3,1469,655,52,207,4.812500
64,5,497,662,34,123,5.843750
64,6,458,657,51,154,8.187500
64,7,1154,651,38,141,6.906250
64,8,1004,636,87,253,7.875000
64,10,557,664,37,118,7.406250
64,11,1724,660,93,229,3.468750
64,12,1092,502,64,245,9.187500
64,13,1839,706,63,176,6.875000
65,0,356,652,57,151,6.125000
65,1,1308,625,75,270,7.125000
65,2,513,670,51,136,8.625000
65,3,1465,655,55,207,5.343750
65,5,496,663,33,121,5.843750
65,6,459,656,51,155,8.125000
65,7,1152,650,41,143,6.968750
65,8,1007,636,88,254,7.937500
65,10,557,663,38,119,7.312500
65,11,1722,660,93,229,3.375000
65,12,1093,502,62,245,9.125000
65,13,1833,708,67,174,6.812500
66,0,360,656,51,147,5.906250
66,1,1311,624,72,271,7.031250
66,2,515,674,48,132,8.812500
66,3,1461,655,59,208,5.281250
66,5,494,665,36,118,5.562500
66,6,459,656,50,155,8.062500
66,7,1153,650,39,143,6.656250
66,8,1008,637,89,254,7.468750
66,10,557,662,40,120,7.125000
66,11,1723,660,89,229,3.203125
66,12,1093,502,63,246,9.062500
66,13,1823,710,76,173,6.812500
66,14,1914,708,6,52,2.296875
67,0,363,655,55,148,5.812500
67,1,1314,624,70,272,6.812500
67,2,515,675,48,132,8.687500
67,3,1458,656,62,208,5.687500
67,5,494,665,36,118,5.437500
67,6,459,657,50,154,7.937500
67,7,1153,651,40,143,6.687500
67,8,1010,637,90,256,7.375000
67,10,558,662,40,121,6.562500
67,11,1723,661,83,225,3.031250
67,12,1093,503,63,245,9.125000
67,13,1815,710,80,173,6.781250
67,14,1907,639,13,116,5.531250
68,0,367,656,54,147,5.781250
68,1,1317,624,67,272,7.000000
68,2,514,674,52,133,9.000000
68,3,1451,657,68,212,5.937500
68,5,496,666,33,117,5.375000
68,6,461,656,49,155,8.062500
68,7,1152,650,40,144,6.781250
68,8,1015,637,87,257,7.718750
68,10,559,662,40,121,6.593750
68,11,1723,667,74,213,3.031250
68,12,1093,503,63,246,9.125000
68,13,1809,711,83,173,6.812500
68,14,1902,637,18,116,1.000000
69,0,372,652,52,150,6.125000
69,1,1320,625,65,272,7.031250
69,2,516,674,49,134,8.687500
69,3,1436,657,83,213,6.187500
69,5,503,665,27,116,5.312500
69,6,462,658,51,152,8.125000
69,7,1152,651,41,143,6.718750
69,8,1020,636,84,258,7.281250
69,10,559,662,41,121,6.437500
69,11,1724,679,61,199,2.796875
69,12,1094,504,62,245,9.000000
69,13,1808,713,85,173,6.656250
69,14,1897,638,23,124,7.000000
70,0,376,651,50,151,5.968750
70,1,1321,626,65,272,7.062500
70,2,515,674,49,135,9.062500
70,3,1421,659,97,211,6.125000
70,5,507,664,23,119,5.343750
70,6,463,656,55,154,8.250000
70,7,1151,652,42,144,6.625000
70,8,1027,636,79,259,7.250000
70,10,559,662,42,122,6.656250
70,11,1725,675,48,203,2.859375
70,12,1094,504,63,245,8.687500
70,13,1806,715,87,173,6.906250
70,14,1893,639,27,226,6.125000
71,0,378,651,52,155,6.031250
71,1,1317,626,69,273,7.125000
71,2,516,675,49,135,8.875000
71,3,1411,660,107,208,6.468750
71,5,506,665,24,120,5.531250
71,6,464,656,55,154,8.250000
71,7,1151,653,43,143,6.812500
71,8,1035,636,73,260,7.437500
71,10,560,664,41,121,6.531250
71,11,1725,677,43,198,2.859375
71,12,1094,505,62,245,8.687500
71,13,1804,716,89,173,6.875000
71,14,1885,639,35,229,6.312500
72,0,380,655,53,154,6.031250
72,1,1316,626,72,273,6.875000
72,2,516,677,49,134,8.812500
72,3,1406,662,111,205,6.625000
72,5,505,665,23,120,5.437500
72,6,463,657,53,154,8.312500
72,7,1151,653,41,143,6.781250
72,8,1039,635,72,261,7.406250
72,10,560,665,42,121,6.187500
72,11,1726,682,20,190,2.671875
72,12,1094,505,62,245,8.125000
72,13,1803,715,90,173,6.625000
72,14,1882,638,38,229,6.062500
73,0,380,655,59,156,6.187500
73,1,1322,627,73,272,6.968750
73,2,516,678,50,134,8.687500
73,3,1404,664,111,203,6.687500
73,5,504,664,23,119,5.406250
73,6,465,658,53,154,8.187500
73,7,1150,652,43,145,6.937500
73,8,1041,635,73,261,7.593750
73,10,560,665,42,122,6.281250
73,11,1726,680,26,109,2.078125
73,12,1094,506,62,244,8.187500
73,13,1804,717,88,172,6.500000
73,14,1875,639,45,227,6.062500
74,0,380,659,61,152,5.812500
74,1,1327,627,72,273,6.625000
74,2,517,677,51,135,8.250000
74,3,1404,664,112,204,6.343750
74,5,504,664,21,120,5.125000
74,6,466,657,56,156,8.437500
74,7,1153,656,39,142,6.593750
74,8,1046,637,75,260,7.593750
74,10,562,667,41,120,6.468750
74,11,1726,704,31,86,1.984375
74,12,1093,506,63,245,7.937500
74,13,1804,718,85,172,6.250000
74,14,1858,641,62,228,6.031250
75,0,379,658,67,154,6.093750
75,1,1327,628,72,273,7.093750
75,2,518,677,51,135,8.187500
75,3,1403,666,113,203,6.812500
75,5,505,664,20,119,4.906250
75,6,466,658,57,155,8.500000
75,7,1151,654,42,145,6.812500
75,8,1050,638,76,260,7.687500
75,10,562,667,42,121,6.656250
75,11,1726,709,33,79,1.953125
75,12,1094,507,62,245,8.187500
75,13,1803,719,84,172,6.718750
75,14,1855,643,65,227,6.343750
76,0,381,661,68,152,5.875000
76,1,1328,628,70,274,7.281250
76,2,520,677,50,136,8.250000
76,3,1403,667,110,203,6.875000
76,5,507,665,21,80,4.187500
76,6,466,662,58,152,8.500000
76,7,1152,656,41,143,6.812500
76,8,1055,639,76,260,7.968750
76,10,562,667,42,121,6.656250
76,11,1726,721,34,66,1.835938
76,12,1094,508,62,244,8.125000
76,13,1804,718,80,172,6.656250
76,14,1843,646,77,226,6.437500
77,0,386,660,68,154,5.937500
77,1,1327,629,71,274,7.531250
77,2,520,679,50,135,8.625000
77,3,1403,669,104,202,7.031250
77,5,505,665,19,39,2.828125
77,6,466,663,57,153,8.687500
77,7,1150,657,43,143,6.875000
77,8,1058,641,87,260,7.906250
77,10,562,667,42,122,6.687500
77,11,1726,731,32,54,1.796875
77,12,1093,509,62,245,8.250000
77,13,1804,720,72,168,6.750000
77,14,1838,646,82,226,6.250000
78,0,395,658,63,156,5.812500
78,1,1328,630,69,273,7.625000
78,2,522,680,49,135,8.625000
78,3,1402,667,96,203,7.031250
78,5,503,666,17,35,2.312500
78,6,466,663,57,155,8.625000
78,7,1151,658,41,143,6.812500
78,8,1062,643,98,259,8.062500
78,10,562,668,42,123,6.937500
78,11,1725,736,31,46,1.875000
78,12,1092,509,64,245,8.500000
78,13,1803,720,63,167,6.843750
78,14,1837,649,83,224,6.343750
79,0,406,656,56,161,5.750000
79,1,1327,629,70,275,7.437500
79,2,522,681,50,135,8.500000
79,3,1402,666,87,205,7.156250
79,5,503,665,16,30,2.125000
79,6,466,665,57,154,8.500000
79,7,1149,658,44,143,6.937500
79,8,1062,641,109,262,8.125000
79,10,564,669,40,122,6.843750
79,11,1724,743,28,38,1.804688
79,12,1092,510,62,245,8.562500
79,13,1798,719,61,169,6.750000
79,14,1835,649,85,225,6.437500
80,0,408,655,58,166,5.562500
80,1,1328,628,69,277,7.593750
80,2,523,682,48,134,8.437500
80,3,1400,667,78,205,7.000000
80,5,496,667,15,120,0.636719
80,6,466,666,60,153,8.312500
80,7,1150,660,42,142,6.937500
80,8,1063,643,114,262,7.875000
80,10,563,669,42,123,6.843750
80,11,1723,752,23,28,1.671875
80,12,1092,510,62,246,8.437500
80,13,1797,721,54,167,6.968750
80,14,1832,656,88,219,6.343750
81,0,410,654,61,169,5.437500
81,1,1331,631,65,274,7.531250
81,2,522,682,50,136,8.312500
81,3,1396,666,70,207,6.968750
81,5,493,671,13,119,0.683594
81,6,469,666,57,155,8.375000
81,7,1149,660,43,143,6.812500
81,8,1062,645,115,263,8.000000
81,10,564,670,41,122,7.031250
81,11,1725,761,15,21,1.289062
81,12,1092,511,62,246,8.125000
81,13,1792,722,48,167,6.906250
81,14,1829,658,91,218,5.875000
82,0,415,658,60,167,5.500000
82,1,1330,630,66,276,7.500000
82,2,523,685,47,134,8.125000
82,3,1391,666,64,208,6.812500
82,5,489,668,18,12,0.416016
82,6,470,666,56,156,8.187500
82,7,1148,661,43,143,6.625000
82,8,1063,646,112,263,8.125000
82,10,564,670,41,124,6.968750
82,12,1090,512,63,245,8.250000
82,13,1787,721,46,171,6.906250
82,14,1823,656,97,218,5.656250
83,0,419,660,57,168,5.812500
83,1,1331,631,64,276,7.312500
83,2,524,685,45,136,8.187500
83,3,1388,666,64,208,6.781250
83,6,470,665,56,158,8.125000
83,7,1148,661,42,144,6.312500
83,8,1064,647,113,264,8.062500
83,10,564,671,42,123,7.000000
83,12,1090,513,63,235,8.062500
83,13,1783,722,48,169,6.750000
83,14,1815,655,105,221,5.281250
84,0,422,663,57,166,5.750000
84,1,1332,632,62,275,7.468750
84,2,523,685,49,138,8.187500
84,3,1385,668,65,207,6.906250
84,6,472,665,54,158,8.437500
84,7,1146,662,43,143,6.218750
84,8,1067,647,109,265,8.000000
84,10,564,672,41,123,7.187500
84,12,1090,514,62,209,8.312500
84,13,1771,723,59,168,6.718750
84,14,1807,656,99,219,5.093750
85,0,423,668,57,162,5.906250
85,1,1331,635,63,273,7.593750
85,2,522,684,49,140,7.812500
85,3,1385,669,62,207,7.062500
85,6,473,665,52,159,8.437500
85,7,1148,663,43,142,6.406250
85,8,1070,646,105,267,7.906250
85,10,564,673,41,124,7.125000
85,12,1089,514,61,183,8.312500
85,13,1758,724,72,168,6.906250
85,14,1804,654,83,218,5.062500
86,0,430,667,54,164,5.781250
86,1,1330,632,66,277,7.437500
86,2,521,683,48,143,8.125000
86,3,1378,671,67,205,6.937500
86,5,480,668,13,142,0.129883
86,6,474,665,53,159,8.312500
86,7,1149,662,38,144,5.531250
86,8,1076,647,99,267,7.812500
86,10,564,674,41,124,7.468750
86,12,1088,515,61,241,8.562500
86,13,1749,725,80,168,7.062500
86,14,1792,653,86,219,4.718750
87,0,430,665,59,165,5.875000
87,1,1329,635,68,275,7.562500
87,2,522,684,50,142,8.500000
87,3,1373,671,67,205,7.062500
87,6,478,665,50,159,8.187500
87,7,1152,664,34,142,5.156250
87,8,1083,647,92,267,7.843750
87,10,564,674,41,124,7.562500
87,12,1087,515,62,249,8.500000
87,13,1742,725,86,168,6.750000
87,14,1787,651,76,220,5.343750
88,0,430,661,64,170,5.875000
88,1,1329,635,69,275,7.500000
88,2,522,684,53,142,8.312500
88,3,1368,672,67,204,7.062500
88,6,481,665,45,160,8.000000
88,7,1152,664,32,143,4.843750
88,8,1092,647,83,267,7.781250
88,10,565,676,41,123,7.468750
88,12,1089,516,61,244,8.687500
88,13,1739,726,88,168,6.718750
88,14,1785,652,72,218,4.500000
89,0,429,659,70,172,6.062500
89,1,1329,636,70,274,7.718750
89,2,522,684,51,142,8.375000
89,3,1369,673,59,204,7.000000
89,6,480,667,46,160,8.000000
89,7,1155,666,29,141,3.953125
89,8,1101,647,80,267,7.875000
89,10,565,677,43,123,7.468750
89,12,1086,516,63,248,8.687500
89,13,1737,727,89,168,6.625000
89,14,1778,651,66,221,4.843750
90,0,429,659,80,170,6.437500
90,1,1330,637,69,273,7.687500
90,2,521,687,51,140,8.437500
90,3,1369,675,55,202,6.875000
90,6,481,677,44,149,6.406250
90,7,1156,665,28,142,2.921875
90,8,1111,648,74,267,7.750000
90,10,565,677,43,124,7.687500
90,12,1087,516,61,248,8.375000
90,13,1737,729,89,165,6.562500
90,14,1774,657,64,217,4.375000
90,15,1915,897,5,12,1.445312
91,0,430,660,82,174,6.625000
91,1,1329,638,68,273,7.593750
91,2,521,683,52,144,8.187500
91,3,1370,676,53,201,6.218750
91,5,474,668,17,21,0.020386
91,6,487,680,38,145,5.250000
91,7,1157,663,27,143,2.546875
91,8,1114,647,76,270,7.750000
91,10,567,678,42,122,7.593750
91,12,1085,516,62,247,8.250000
91,13,1737,728,87,166,7.000000
91,14,1768,654,71,221,4.343750
91,15,1903,887,17,24,3.625000
92,0,432,662,89,175,6.625000
92,1,1328,636,68,275,7.343750
92,2,521,682,53,144,8.000000
92,3,1369,675,53,201,5.875000
92,5,480,669,15,21,0.345703
92,6,489,687,37,136,3.843750
92,7,1167,681,19,112,0.812500
92,8,1118,647,80,273,7.406250
92,10,566,676,44,125,7.593750
92,12,1085,516,61,247,8.437500
92,13,1737,728,85,166,7.031250
92,14,1758,654,76,222,5.125000
92,15,1893,877,27,35,5.000000
93,0,436,666,87,173,6.343750
93,1,1328,637,66,274,7.125000
93,2,521,685,53,141,7.562500
93,3,1370,675,48,201,6.343750
93,5,466,671,27,40,3.765625
93,6,465,672,59,141,2.890625
93,8,1121,647,86,274,7.250000
93,10,567,676,43,125,7.375000
93,12,1084,516,62,247,8.500000
93,13,1732,728,86,165,7.031250
93,14,1756,655,76,220,5.625000
93,15,1886,866,34,47,5.687500
94,0,445,668,84,171,6.406250
94,1,1327,637,65,274,7.125000
94,2,522,683,55,143,7.875000
94,3,1373,675,39,200,5.968750
94,5,465,670,31,113,4.843750
94,6,465,670,34,115,3.421875
94,8,1125,647,87,275,6.875000
94,10,567,675,44,125,7.187500
94,12,1085,516,62,248,8.562500
94,13,1727,726,86,166,7.187500
94,14,1753,657,78,218,5.687500
94,15,1882,841,38,73,5.687500
95,0,455,668,81,171,6.437500
95,1,1324,638,67,273,7.000000
95,2,523,684,55,142,7.625000
95,3,1372,675,34,197,5.312500
95,5,463,669,35,124,5.593750
95,6,465,667,47,124,4.093750
95,8,1129,645,92,276,7.000000
95,10,567,673,44,127,7.062500
95,12,1084,516,62,248,8.750000
95,13,1723,728,82,163,6.906250
95,14,1748,658,82,216,5.843750
95,15,1876,791,44,124,6.531250
96,0,469,666,75,173,6.781250
96,1,1325,639,64,271,7.062500
96,2,525,686,57,140,7.562500
96,3,1371,674,30,195,4.781250
96,5,459,669,36,121,5.593750
96,6,468,666,46,126,4.093750
96,8,1131,647,99,275,7.281250
96,10,567,673,44,127,7.062500
96,12,1083,516,63,248,8.750000
96,13,1722,727,73,164,6.656250
96,14,1741,657,87,217,6.125000
96,15,1874,788,46,126,1.000000
97,0,482,668,68,171,6.468750
97,1,1324,639,63,271,6.781250
97,2,529,686,56,140,7.500000
97,3,1365,674,34,193,3.828125
97,5,457,668,37,121,5.906250
97,6,469,666,43,127,5.062500
97,7,1142,673,20,34,0.675781
97,8,1132,645,103,278,6.968750
97,10,569,673,43,127,6.843750
97,12,1084,516,63,247,9.125000
97,13,1719,727,67,164,6.718750
97,14,1735,659,93,215,5.718750
97,15,1873,785,47,129,7.718750
98,0,485,665,74,173,6.468750
98,1,1325,639,62,271,6.843750
98,2,533,684,53,143,7.093750
98,3,1362,675,34,190,2.656250
98,5,457,669,34,120,6.156250
98,6,467,667,44,160,5.843750
98,7,1141,668,24,44,2.125000
98,8,1132,649,106,274,6.937500
98,10,568,672,45,129,6.531250
98,12,1083,516,64,249,9.125000
98,13,1719,726,60,164,6.656250
98,14,1729,659,96,214,5.781250
98,15,1873,780,47,134,7.093750
99,0,490,663,76,176,7.125000
99,1,1322,639,64,271,6.500000
99,2,531,695,54,133,6.437500
99,3,1361,674,32,192,1.726562
99,5,458,669,34,121,6.250000
99,6,467,667,48,168,6.531250
99,7,1140,666,29,52,3.187500
99,8,1133,652,106,274,7.125000
99,10,569,671,44,129,6.750000
99,12,1083,516,63,248,9.375000
99,13,1716,726,51,165,7.000000
99,14,1729,660,88,212,5.312500
99,15,1873,779,47,135,6.687500
100,0,492,659,82,183,7.062500
100,1,1325,639,61,271,6.843750
100,2,548,713,34,116,5.375000
100,3,1334,674,59,192,1.421875
100,5,457,669,32,121,6.437500
100,6,471,665,48,154,6.781250
100,7,1139,663,33,82,3.843750
100,8,1136,652,102,275,7.218750
100,10,572,672,41,129,6.812500
100,12,1082,516,63,247,9.375000
100,13,1715,725,45,165,7.031250
100,14,1719,660,88,211,4.906250
100,15,1872,778,48,136,6.531250
101,0,492,660,87,183,7.687500
101,1,1326,639,59,271,6.937500
101,2,554,736,21,93,4.750000
101,3,1309,668,56,197,2.890625
101,5,455,669,34,121,6.468750
101,6,468,665,57,162,7.062500
101,7,1140,665,33,139,4.531250
101,8,1140,651,98,276,7.531250
101,10,574,673,38,129,6.468750
101,12,1081,516,64,247,9.250000
101,13,1714,724,45,167,6.906250
101,14,1715,659,82,211,4.437500
101,15,1872,718,48,196,6.437500
102,0,508,660,80,186,7.531250
102,1,1325,640,60,270,6.718750
102,2,522,740,55,89,4.468750
102,3,1309,667,56,197,4.218750
102,5,454,670,32,119,6.406250
102,6,473,664,55,166,7.625000
102,7,1141,666,31,140,5.250000
102,8,1149,650,91,277,7.375000
102,10,576,678,38,124,5.781250
102,12,1080,516,64,248,9.250000
102,13,1713,726,45,164,6.562500
102,14,1712,658,74,209,4.593750
102,15,1871,779,49,134,6.093750
103,0,519,663,76,184,7.125000
103,1,1308,639,77,271,6.718750
103,2,523,729,50,100,4.812500
103,3,1296,667,68,195,5.000000
103,5,452,671,31,118,6.281250
103,6,473,666,57,164,7.625000
103,7,1140,666,32,140,5.312500
103,8,1156,648,85,279,7.218750
103,10,580,678,35,124,5.156250
103,12,1080,516,64,248,9.000000
103,13,1711,727,46,163,6.437500
103,14,1709,657,66,208,4.718750
103,15,1869,717,51,196,5.937500
104,0,531,668,72,179,7.031250
104,1,1313,640,72,270,6.781250
104,2,525,690,46,138,5.875000
104,3,1289,668,75,194,5.500000
104,5,453,672,29,117,6.281250
104,6,474,665,55,164,7.218750
104,7,1139,666,34,140,5.562500
104,8,1166,648,78,279,7.343750
104,10,583,680,31,122,3.250000
104,12,1080,516,63,248,9.125000
104,13,1710,728,47,161,6.156250
104,14,1708,656,53,199,4.093750
104,15,1867,716,53,197,5.750000
105,0,548,666,64,181,7.218750
105,1,1315,640,69,270,6.531250
105,2,527,688,43,137,6.593750
105,3,1283,669,60,189,5.250000
105,5,450,670,33,119,6.656250
105,6,470,664,58,166,7.375000
105,7,1139,665,38,141,5.937500
105,8,1176,648,71,279,7.406250
105,10,594,691,18,76,0.357422
105,12,1079,515,64,249,9.062500
105,13,1709,730,47,160,5.937500
105,14,1707,657,50,192,3.421875
105,15,1856,769,64,142,5.531250
106,0,549,665,70,182,7.156250
106,1,1315,640,69,270,6.437500
106,2,527,688,48,135,6.781250
106,3,1282,669,57,186,5.031250
106,5,449,670,34,119,6.781250
106,6,471,665,57,165,7.906250
106,7,1137,666,41,141,6.062500
106,8,1177,648,78,279,7.437500
106,12,1079,515,63,249,9.125000
106,13,1708,730,47,160,5.375000
106,14,1707,660,44,179,1.843750
106,15,1847,769,64,143,5.312500
107,0,552,663,76,184,7.031250
107,1,1314,640,69,270,6.437500
107,2,528,686,52,136,7.031250
107,3,1277,670,59,186,4.968750
107,5,448,670,35,119,6.625000
107,6,472,665,56,166,7.562500
107,7,1137,665,38,142,6.281250
107,8,1179,646,83,281,7.500000
107,10,585,675,19,115,1.210938
107,12,1078,515,62,249,9.000000
107,13,1707,730,46,159,4.625000
107,14,1706,669,33,180,0.917969
107,15,1842,770,65,142,5.812500
108,0,556,658,83,188,7.093750
108,1,1313,640,68,270,6.500000
108,2,530,685,53,137,7.156250
108,3,1276,670,55,187,4.843750
108,5,447,671,34,117,6.531250
108,6,476,664,53,168,7.468750
108,7,1137,664,38,142,6.125000
108,8,1188,647,78,280,7.218750
108,10,579,675,28,129,3.593750
108,12,1077,515,63,249,8.812500
108,13,1706,738,45,151,3.484375
108,14,1707,681,31,173,0.617188
108,15,1828,769,76,144,5.812500
109,0,555,659,96,186,7.281250
109,1,1310,640,70,270,6.625000
109,2,530,685,54,140,7.125000
109,3,1277,671,50,186,5.125000
109,5,445,671,34,117,6.343750
109,6,475,664,55,168,7.468750
109,7,1137,664,37,142,6.218750
109,8,1193,648,84,279,7.218750
109,10,576,675,30,108,5.187500
109,12,1077,515,63,248,8.687500
109,13,1708,755,36,132,2.875000
109,14,1706,684,31,172,0.345703
109,15,1812,780,88,132,5.937500
110,0,560,657,101,192,7.218750
110,1,1308,639,72,272,6.718750
110,2,531,684,51,142,7.250000
110,3,1278,670,46,187,5.343750
110,5,444,671,35,118,6.343750
110,6,475,665,56,167,7.593750
110,7,1136,663,39,143,6.250000
110,8,1196,650,101,278,7.187500
110,10,578,673,35,117,6.093750
110,12,1077,515,62,246,8.750000
110,13,1710,846,26,38,1.273438
110,14,1706,693,31,170,0.273438
110,15,1796,776,103,136,5.750000
111,0,566,660,106,191,6.937500
111,1,1308,639,72,272,6.437500
111,2,532,684,52,144,7.281250
111,3,1277,671,44,186,5.093750
111,5,444,672,33,117,6.343750
111,6,471,665,62,168,7.250000
111,7,1136,663,39,143,6.125000
111,8,1196,650,116,279,7.125000
111,10,578,673,37,119,6.250000
111,12,1076,515,64,246,8.562500
111,13,1710,830,24,54,0.263672
111,15,1784,775,115,137,5.687500
112,0,575,663,106,189,7.343750
112,1,1308,639,72,272,6.781250
112,2,532,686,53,143,7.531250
112,3,1279,671,42,185,5.125000
112,5,443,671,33,117,6.406250
112,6,473,666,60,168,7.593750
112,7,1135,665,40,141,6.343750
112,8,1197,650,127,278,7.468750
112,10,578,673,38,121,6.343750
112,12,1076,515,63,246,8.562500
112,13,1709,854,24,27,0.123535
112,14,1705,695,32,173,0.105957
112,15,1777,777,121,135,5.781250
113,0,589,665,103,188,7.406250
113,1,1308,638,71,275,7.250000
113,2,532,686,53,144,7.531250
113,3,1276,670,45,186,5.531250
113,5,442,671,35,118,6.562500
113,6,475,667,59,167,8.000000
113,7,1136,664,37,142,6.437500
113,8,1196,650,131,280,7.062500
113,10,580,672,38,133,6.500000
113,12,1077,515,63,246,8.312500
113,14,1706,694,31,171,0.593750
113,15,1776,780,122,132,6.000000
114,0,607,666,94,187,7.062500
114,1,1306,639,73,274,7.437500
114,2,534,684,53,147,7.625000
114,3,1277,669,43,186,5.343750
114,5,441,671,34,118,6.843750
114,6,476,667,59,167,8.187500
114,7,1135,665,40,142,6.656250
114,8,1196,650,131,281,7.156250
114,10,579,673,38,130,6.562500
114,12,1076,515,63,246,8.187500
114,14,1705,694,30,169,0.621094
114,15,1774,778,124,134,5.750000
115,0,628,666,84,187,7.000000
115,1,1305,639,74,274,7.875000
115,2,535,687,51,144,7.937500
115,3,1276,669,42,164,4.968750
115,5,440,670,35,118,7.093750
115,6,479,669,58,165,8.062500
115,7,1135,665,40,142,6.750000
115,8,1198,649,131,283,7.437500
115,10,579,674,39,130,6.687500
115,12,1076,515,63,246,8.250000
115,14,1705,693,28,170,0.632812
115,15,1774,776,124,136,5.531250
116,0,643,662,81,191,6.937500
116,1,1305,638,74,275,7.968750
116,2,534,688,51,144,7.937500
116,3,1279,668,40,167,4.468750
116,5,440,670,33,118,7.156250
116,6,478,664,61,170,8.250000
116,7,1135,664,41,142,6.656250
116,8,1200,649,129,284,7.593750
116,10,581,674,37,130,6.593750
116,12,1076,516,63,245,8.500000
116,14,1705,691,25,171,0.636719
116,15,1773,776,124,135,5.500000
117,0,648,658,85,193,6.812500
117,1,1305,637,74,276,7.500000
117,2,535,688,53,145,7.812500
117,3,1283,670,29,175,2.156250
117,5,439,670,34,117,7.156250
117,6,480,666,60,168,8.125000
117,7,1134,662,41,144,6.437500
117,8,1204,649,125,284,7.156250
117,10,582,673,39,131,6.656250
117,12,1075,515,64,246,8.437500
117,14,1707,695,17,165,0.390625
117,15,1773,778,124,132,5.125000
118,0,653,654,93,197,6.781250
118,1,1304,636,75,277,7.687500
118,2,538,687,50,146,7.812500
118,3,1282,676,23,70,0.507812
118,5,439,670,33,116,7.312500
118,6,481,664,60,169,8.187500
118,7,1135,664,39,141,6.406250
118,8,1212,648,117,285,7.406250
118,10,581,673,40,132,6.625000
118,12,1075,515,64,245,8.500000
118,14,1705,693,19,164,0.157227
118,15,1773,776,120,132,5.062500
119,0,660,652,98,201,6.875000
119,1,1306,638,73,274,7.937500
119,2,539,684,50,149,7.937500
119,5,437,670,35,116,7.187500
119,6,482,664,58,169,8.000000
119,7,1135,665,39,140,6.625000
119,8,1220,648,109,285,7.906250
119,10,581,673,41,132,6.625000
119,12,1075,515,63,245,8.500000
119,15,1773,778,117,130,5.031250
120,0,672,653,97,201,7.031250
120,1,1306,637,73,275,8.062500
120,2,539,682,52,151,8.125000
120,5,436,670,35,115,7.156250
120,6,482,662,61,171,8.000000
120,7,1135,664,39,141,6.718750
120,8,1231,649,98,283,7.906250
120,10,583,674,41,130,6.562500
120,12,1075,515,64,245,8.750000
120,15,1773,777,111,129,4.562500
120,17,1892,742,28,127,0.233398
121,0,683,654,97,202,6.781250
121,1,1307,638,72,274,8.125000
121,2,541,681,51,151,8.062500
121,3,1243,650,36,196,1.070312
121,5,436,670,35,114,7.000000
121,6,483,662,62,170,7.906250
121,7,1135,663,40,142,6.906250
121,8,1242,644,90,289,7.718750
121,10,583,672,42,133,6.843750
121,12,1075,515,64,245,8.750000
121,15,1773,778,104,126,4.625000
121,17,1906,829,14,34,1.273438
122,0,699,657,91,200,6.812500
122,1,1307,637,72,275,8.250000
122,2,542,681,54,151,8.000000
122,3,1241,669,43,181,3.734375
122,5,434,669,37,115,7.062500
122,6,484,662,60,170,7.875000
122,7,1136,665,38,140,6.875000
122,8,1256,645,76,288,7.843750
122,10,583,671,42,134,6.906250
122,12,1076,515,63,246,8.750000
122,15,1773,773,95,131,4.781250
123,0,718,660,84,197,6.875000
123,1,1307,639,72,273,8.312500
123,2,541,680,55,152,8.187500
123,3,1239,668,48,186,5.281250
123,5,435,670,34,114,7.156250
123,6,485,662,62,171,7.937500
123,7,1136,665,38,140,7.093750
123,8,1267,647,66,286,8.062500
123,10,585,670,40,135,7.062500
123,12,1076,515,62,246,8.812500
123,15,1773,781,85,123,4.812500
124,0,739,662,74,195,6.875000
124,1,1313,639,66,272,7.375000
124,2,542,682,54,150,8.000000
124,3,1238,669,52,184,5.937500
124,5,434,670,35,114,7.062500
124,6,486,663,61,172,7.843750
124,7,1136,665,38,140,7.218750
124,8,1273,646,66,291,8.125000
124,10,586,669,40,136,7.156250
124,12,1075,515,63,248,8.812500
124,15,1773,780,75,124,4.687500
125,0,755,661,71,197,6.750000
125,1,1314,639,66,267,5.937500
125,2,542,681,53,151,8.250000
125,3,1238,670,60,185,6.156250
125,5,433,671,35,113,7.031250
125,6,487,665,61,171,7.593750
125,7,1136,665,38,141,7.406250
125,8,1277,646,76,294,8.000000
125,10,587,668,41,137,6.906250
125,12,1076,515,63,248,8.875000
125,15,1770,778,68,126,4.625000
126,0,757,658,81,199,6.718750
126,1,1310,638,70,272,3.812500
126,2,544,681,53,151,8.375000
126,3,1235,670,64,185,6.593750
126,5,432,670,36,114,7.156250
126,6,488,664,62,173,7.375000
126,7,1136,665,40,141,7.125000
126,8,1282,646,84,296,8.062500
126,10,587,667,41,138,7.125000
126,12,1076,516,63,246,8.875000
126,15,1765,780,57,124,4.468750
127,0,761,655,92,202,6.562500
127,1,1294,638,85,275,2.671875
127,2,545,681,53,151,8.437500
127,3,1234,672,66,182,6.812500
127,5,432,671,35,113,7.031250
127,6,490,665,60,172,7.406250
127,7,1136,664,38,142,6.968750
127,8,1285,641,99,302,7.812500
127,10,588,667,42,138,6.750000
127,12,1075,516,64,247,9.000000
127,15,1761,779,54,126,4.125000
128,0,767,655,101,202,6.468750
128,1,1287,639,71,274,3.031250
128,2,546,682,53,151,8.562500
128,3,1231,672,68,183,7.156250
128,5,430,671,36,114,7.281250
128,6,491,665,60,173,7.437500
128,7,1136,665,39,141,7.406250
128,8,1288,640,109,303,7.750000
128,10,588,667,43,139,6.937500
128,12,1076,515,64,247,8.875000
128,15,1758,770,56,136,4.343750
129,0,774,654,117,203,6.375000
129,1,1285,637,63,276,4.812500
129,2,547,683,53,150,8.187500
129,3,1227,670,71,184,7.500000
129,5,428,670,38,115,7.093750
129,6,491,666,61,172,7.187500
129,7,1136,665,39,141,7.281250
129,8,1289,646,115,298,8.187500
129,10,591,668,41,138,6.843750
129,12,1076,515,64,248,9.187500
129,15,1756,771,59,135,4.843750
130,0,785,657,118,203,6.250000
130,1,1280,638,73,275,5.500000
130,2,549,684,55,151,8.125000
130,3,1224,669,74,184,7.750000
130,5,428,671,36,113,7.312500
130,6,493,666,61,172,7.375000
130,7,1136,665,41,141,7.281250
130,8,1290,648,118,297,8.187500
130,10,592,668,41,138,6.812500
130,12,1077,515,62,248,9.187500
130,15,1747,772,68,134,5.000000
131,0,797,661,109,201,6.093750
131,1,1279,637,80,271,6.468750
131,2,549,684,55,153,8.000000
131,3,1220,668,66,180,7.625000
131,5,428,672,35,113,7.406250
131,6,493,666,62,173,7.500000
131,7,1137,666,39,141,7.593750
131,8,1292,652,118,296,8.187500
131,10,593,669,40,137,6.843750
131,12,1076,515,64,249,9.000000
131,15,1737,777,79,129,5.000000
132,0,814,664,101,201,6.093750
132,1,1279,638,80,270,6.937500
132,2,549,688,57,150,7.843750
132,3,1219,667,65,181,7.531250
132,5,427,672,35,113,6.968750
132,6,495,666,61,175,7.468750
132,7,1137,665,39,142,7.375000
132,8,1295,653,117,297,8.562500
132,10,595,670,39,138,6.562500
132,12,1077,515,63,249,8.875000
132,15,1732,777,85,129,5.281250
133,0,837,666,90,199,6.031250
133,1,1279,638,79,270,6.718750
133,2,552,688,57,150,7.593750
133,3,1220,668,64,179,7.343750
133,5,426,672,34,114,6.937500
133,6,496,666,62,175,7.718750
133,7,1136,666,42,141,7.406250
133,8,1300,649,112,302,8.437500
133,10,595,670,39,139,6.531250
133,12,1077,515,63,249,8.750000
133,15,1727,778,90,128,4.968750
134,0,862,664,80,200,5.937500
134,1,1276,638,73,258,6.937500
134,2,554,689,58,149,7.562500
134,3,1219,669,63,179,7.468750
134,5,425,673,34,112,6.875000
134,6,497,664,63,177,7.750000
134,7,1137,667,40,140,7.593750
134,8,1310,649,104,302,8.750000
134,10,597,671,38,138,6.062500
134,12,1078,515,62,249,8.812500
134,15,1722,783,95,123,5.125000
135,0,880,662,73,202,5.843750
135,1,1280,638,73,275,7.343750
135,2,556,690,56,148,7.937500
135,3,1217,667,69,181,7.375000
135,5,425,673,35,112,6.875000
135,6,499,665,64,177,7.687500
135,7,1138,667,39,140,7.437500
135,8,1321,648,97,303,8.375000
135,10,601,673,36,136,5.843750
135,12,1078,516,63,248,9.125000
135,15,1722,780,96,126,4.875000
136,0,883,657,88,207,5.875000
136,1,1276,638,82,276,7.593750
136,2,559,691,54,148,7.937500
136,3,1216,667,70,181,7.406250
136,5,426,673,34,111,6.937500
136,6,500,664,65,178,7.875000
136,7,1139,667,39,141,7.531250
136,8,1334,651,86,300,8.687500
136,10,602,671,36,138,6.187500
136,12,1079,516,63,247,9.187500
136,15,1723,777,95,129,4.843750
137,0,889,654,95,211,5.781250
137,1,1276,638,86,276,7.312500
137,2,562,690,53,149,7.812500
137,3,1216,669,70,178,7.500000
137,5,424,673,35,111,7.000000
137,6,502,664,64,178,7.781250
137,7,1140,667,38,140,7.375000
137,8,1347,651,78,300,8.625000
137,10,603,672,36,137,6.093750
137,12,1080,516,62,247,9.000000
137,15,1725,778,94,128,4.375000
138,0,899,653,106,213,6.156250
138,1,1277,638,91,277,7.375000
138,2,565,688,50,151,7.812500
138,3,1216,669,69,179,7.687500
138,5,424,673,34,111,7.093750
138,6,504,664,64,177,7.500000
138,7,1140,666,39,142,7.531250
138,8,1349,649,85,303,8.500000
138,10,607,672,34,138,6.125000
138,12,1080,516,62,247,9.125000
138,15,1725,778,93,126,4.093750
139,0,909,653,115,210,5.843750
139,1,1278,638,95,280,7.656250
139,2,565,685,55,154,8.062500
139,3,1214,669,70,179,8.062500
139,5,423,672,34,112,7.312500
139,6,507,664,61,177,7.718750
139,7,1141,667,38,140,7.718750
139,8,1356,649,86,302,8.500000
139,10,608,671,36,139,6.250000
139,12,1081,516,62,247,9.250000
139,15,1726,778,91,125,4.031250
140,0,924,651,112,217,5.937500
140,1,1277,638,97,281,7.625000
140,2,568,684,54,155,7.781250
140,3,1210,670,72,178,8.125000
140,5,423,672,34,112,7.125000
140,6,508,664,63,177,7.906250
140,7,1141,666,38,141,7.406250
140,8,1361,647,93,304,8.187500
140,10,609,671,36,139,6.031250
140,12,1081,517,63,246,9.125000
140,15,1726,773,85,130,4.031250
141,0,942,656,102,215,6.000000
141,1,1277,639,97,282,7.687500
141,2,570,682,54,157,7.687500
141,3,1207,670,75,178,8.000000
141,5,422,673,33,111,7.062500
141,6,510,664,63,177,7.843750
141,7,1141,665,40,143,7.593750
141,8,1370,647,93,305,8.250000
141,10,609,671,37,139,5.875000
141,12,1081,517,63,246,9.187500
141,15,1720,770,84,130,3.968750
142,0,964,659,87,213,6.000000
142,1,1275,639,101,283,7.968750
142,2,571,683,53,157,7.406250
142,3,1205,671,73,177,7.687500
142,5,421,673,33,112,7.281250
142,6,512,665,63,178,7.593750
142,7,1141,666,40,142,7.687500
142,8,1375,646,110,307,7.687500
142,10,609,671,38,140,5.906250
142,12,1082,517,62,247,9.312500
142,15,1720,781,75,116,3.890625
143,0,989,662,72,210,6.000000
143,1,1275,639,106,283,8.062500
143,2,571,683,56,158,7.375000
143,3,1204,672,73,176,7.562500
143,5,421,673,33,112,7.375000
143,6,515,667,61,177,7.718750
143,7,1141,667,40,141,7.625000
143,8,1376,647,130,307,7.906250
143,10,609,671,39,141,5.968750
143,12,1082,517,62,247,9.250000
143,15,1716,776,70,119,3.812500
144,0,1009,661,72,212,6.062500
144,1,1274,640,108,283,8.062500
144,2,572,684,57,159,7.062500
144,3,1206,673,68,176,7.281250
144,5,419,674,33,111,7.375000
144,6,514,668,64,177,7.843750
144,7,1141,667,39,142,7.656250
144,8,1376,650,144,305,7.500000
144,10,613,673,37,140,5.656250
144,12,1081,518,63,247,9.437500
144,15,1715,768,62,126,3.187500
145,0,1013,661,80,212,5.968750
145,1,1272,641,114,284,7.968750
145,2,572,685,57,158,7.375000
145,3,1204,674,69,175,7.500000
145,5,418,675,33,111,7.562500
145,6,514,669,66,178,7.562500
145,7,1141,669,39,140,7.593750
145,8,1377,652,150,305,7.437500
145,10,613,674,37,141,5.437500
145,12,1082,518,62,247,9.062500
145,15,1714,767,52,125,2.875000
146,0,1016,657,94,216,6.031250
146,1,1271,641,115,284,8.187500
146,2,574,686,56,158,7.562500
146,3,1201,673,70,175,7.687500
146,5,417,675,32,112,7.406250
146,6,515,670,66,177,7.468750
146,7,1140,668,40,141,7.687500
146,8,1377,655,151,303,7.312500
146,10,613,675,38,141,5.656250
146,12,1082,518,62,247,9.062500
146,15,1713,766,45,125,2.921875
147,0,1022,657,109,216,6.062500
147,1,1274,641,112,284,8.312500
147,2,575,688,57,158,7.750000
147,3,1199,674,69,174,7.625000
147,5,415,676,33,111,7.500000
147,6,515,669,67,179,7.500000
147,7,1140,670,39,139,7.468750
147,8,1378,657,151,303,7.437500
147,10,607,676,45,141,5.656250
147,12,1082,519,62,246,8.875000
147,15,1713,767,41,125,3.187500
148,0,1029,657,128,213,6.187500
148,1,1276,642,110,284,8.562500
148,2,576,688,56,159,7.625000
148,3,1196,675,68,173,7.843750
148,5,413,677,32,111,7.468750
148,6,515,670,69,180,7.375000
148,7,1140,669,38,141,7.562500
148,8,1380,653,149,309,7.812500
148,10,614,676,38,143,5.625000
148,12,1080,519,61,246,8.687500
148,15,1713,767,40,126,3.046875
149,0,1042,657,129,216,6.250000
149,1,1274,642,113,285,8.500000
149,2,577,688,53,159,7.750000
149,3,1191,674,69,170,8.250000
149,5,411,677,33,111,7.843750
149,6,515,672,69,178,7.906250
149,7,1139,669,40,141,6.562500
149,8,1384,654,145,309,7.968750
149,10,609,677,43,142,5.937500
149,12,1079,519,63,230,9.062500
149,15,1713,767,38,126,3.000000
150,0,1056,661,123,216,5.968750
150,1,1275,642,114,285,8.500000
150,2,579,688,52,160,7.687500
150,3,1187,672,69,172,8.062500
150,5,409,677,34,110,7.687500
150,6,516,672,68,178,7.656250
150,7,1148,673,31,136,4.343750
150,8,1391,653,137,310,8.125000
150,10,621,676,32,144,5.625000
150,12,1078,518,64,244,8.937500
150,15,1713,770,37,122,2.937500
151,0,1075,668,107,210,5.656250
151,1,1274,641,117,285,8.187500
151,2,580,689,51,158,7.687500
151,3,1179,671,74,172,7.875000
151,5,407,676,34,112,7.781250
151,6,520,670,65,180,7.750000
151,7,1157,677,23,83,1.976562
151,8,1400,652,128,310,8.000000
151,10,620,677,33,142,5.750000
151,12,1078,518,64,246,8.812500
151,15,1710,767,37,124,3.078125
152,0,1100,663,88,215,6.031250
152,1,1274,640,117,285,8.312500
152,2,580,687,53,161,7.531250
152,3,1181,671,70,172,7.437500
152,5,407,677,33,111,7.500000
152,6,522,669,64,181,7.468750
152,7,1141,667,19,28,1.101562
152,8,1411,648,116,312,7.906250
152,10,622,677,31,143,5.843750
152,12,1077,518,64,247,8.875000
152,15,1709,766,36,124,3.000000
153,0,1126,665,74,212,5.875000
153,1,1272,639,119,285,8.625000
153,2,580,686,54,162,7.531250
153,3,1191,670,58,171,6.937500
153,5,405,676,32,111,7.468750
153,6,525,668,62,182,7.656250
153,7,1135,667,30,141,5.625000
153,8,1424,648,105,311,7.937500
153,10,623,676,32,144,6.218750
153,12,1077,517,63,247,8.937500
153,15,1709,766,35,123,3.109375
154,0,1145,663,81,213,6.562500
154,1,1273,638,119,286,9.000000
154,2,581,684,53,163,7.687500
154,3,1200,689,46,151,5.531250
154,5,402,675,33,111,7.625000
154,6,527,667,60,182,7.593750
154,7,1135,664,38,143,6.437500
154,8,1438,649,96,310,7.906250
154,10,622,675,33,144,6.093750
154,12,1076,517,64,245,9.187500
154,15,1708,764,34,124,3.187500
155,0,1148,658,91,217,6.406250
155,1,1277,638,115,285,8.812500
155,2,582,683,52,164,7.750000
155,3,1176,665,63,100,2.515625
155,5,400,674,32,112,7.125000
155,6,530,668,58,180,7.187500
155,7,1134,666,39,140,6.750000
155,8,1448,646,91,312,8.000000
155,10,621,672,34,147,6.375000
155,12,1075,516,64,245,9.000000
155,15,1706,761,35,126,3.031250
156,0,1152,654,95,222,6.593750
156,1,1278,637,113,285,8.875000
156,2,583,683,52,163,7.593750
156,3,1172,667,48,172,4.906250
156,5,395,674,35,111,7.125000
156,6,532,667,55,181,7.468750
156,7,1133,666,39,139,6.843750
156,8,1452,643,99,318,8.000000
156,10,621,673,35,145,6.156250
156,12,1074,516,63,245,9.000000
156,15,1705,760,35,126,3.046875
157,0,1162,650,116,225,6.218750
157,1,1275,635,116,286,9.187500
157,2,583,683,50,162,7.531250
157,3,1170,666,51,171,6.437500
157,5,393,673,36,112,7.031250
157,6,532,666,56,182,7.187500
157,7,1133,662,38,141,6.781250
157,8,1456,641,106,323,8.125000
157,10,620,673,35,144,6.156250
157,12,1073,515,64,245,8.875000
157,15,1705,761,34,123,3.156250
158,0,1172,649,128,225,6.531250
158,1,1277,634,116,286,8.812500
158,2,583,681,53,164,7.593750
158,3,1165,667,57,170,6.968750
158,5,391,674,34,110,7.000000
158,6,531,666,59,183,7.000000
158,7,1131,661,38,141,6.875000
158,8,1460,641,110,324,8.437500
158,10,622,672,34,144,5.625000
158,12,1072,514,64,245,8.687500
158,15,1704,759,34,124,3.234375
159,0,1185,651,119,224,6.187500
159,1,1278,633,111,286,8.937500
159,2,583,681,56,163,7.625000
159,3,1163,668,62,168,7.468750
159,5,388,673,36,110,7.093750
159,6,534,666,55,182,6.781250
159,7,1132,662,38,107,7.000000
159,8,1464,642,115,325,8.125000
159,10,625,671,31,96,5.406250
159,12,1073,514,62,245,8.562500
159,15,1705,785,32,96,3.343750
160,0,1206,652,100,227,5.812500
160,1,1279,633,109,287,9.312500
160,2,583,682,56,162,7.562500
160,3,1163,669,61,160,7.468750
160,5,383,672,39,110,7.187500
160,6,535,666,54,182,6.687500
160,7,1132,661,35,102,6.750000
160,8,1468,644,126,322,8.125000
160,10,625,672,32,94,5.281250
160,12,1072,514,63,245,8.750000
160,15,1704,800,28,81,3.265625
161,0,1229,657,80,223,5.000000
161,1,1275,631,112,288,9.437500
161,2,583,685,56,159,7.906250
161,3,1161,669,62,166,7.531250
161,5,377,672,44,110,7.093750
161,6,535,665,55,183,7.031250
161,7,1131,661,35,102,6.593750
161,8,1470,644,132,323,8.000000
161,10,624,673,33,94,5.406250
161,12,1070,513,65,245,9.125000
161,14,1468,815,20,17,0.074707
161,15,1705,842,21,38,2.468750
162,0,1254,811,52,68,4.906250
162,1,1276,631,110,288,9.750000
162,2,583,688,59,156,8.000000
162,3,1160,669,58,165,7.281250
162,5,373,672,47,109,7.125000
162,6,536,665,55,182,7.187500
162,7,1131,661,34,99,6.812500
162,8,1474,643,132,324,8.187500
162,10,625,673,32,93,5.468750
162,12,1071,512,63,246,9.062500
162,14,1457,657,35,172,0.523438
162,15,1704,847,16,31,1.898438
163,0,1282,823,23,55,3.312500
163,1,1275,630,112,288,9.625000
163,2,583,684,58,161,8.250000
163,3,1154,668,64,165,7.562500
163,5,372,672,47,108,7.281250
163,6,537,665,54,182,7.187500
163,7,1129,661,34,96,6.593750
163,8,1474,642,134,327,8.562500
163,10,624,672,33,92,5.343750
163,12,1071,512,62,245,9.062500
163,14,1453,654,38,175,0.480469
163,15,1703,855,10,19,0.992188
164,0,1285,658,76,216,2.421875
164,1,1275,629,111,287,9.250000
164,2,586,686,58,158,7.718750
164,3,1151,667,65,164,7.593750
164,5,372,672,46,108,6.968750
164,6,538,665,55,181,7.031250
164,7,1130,660,31,94,6.312500
164,8,1476,641,133,328,8.562500
164,10,623,670,34,95,5.343750
164,12,1070,511,63,244,8.812500
164,14,1449,651,43,176,0.976562
165,0,1290,649,98,219,5.125000
165,1,1275,627,113,286,9.312500
165,2,587,689,57,155,7.906250
165,3,1150,663,63,167,7.781250
165,5,371,673,47,108,6.843750
165,6,540,665,58,182,7.218750
165,7,1129,657,31,94,6.250000
165,8,1481,637,128,329,8.562500
165,10,623,670,35,96,5.281250
165,12,1069,509,64,244,8.750000
165,14,1447,647,45,179,1.515625
166,0,1320,646,92,220,5.468750
166,1,1274,626,111,286,9.000000
166,2,589,685,56,158,8.125000
166,3,1147,661,65,164,7.437500
166,5,371,671,45,108,6.906250
166,6,540,664,58,182,7.187500
166,7,1127,656,31,93,6.125000
166,8,1490,634,118,331,8.125000
166,10,625,668,33,94,5.062500
166,12,1069,508,64,243,8.875000
166,14,1443,649,49,175,1.695312
167,0,1347,643,94,227,5.656250
167,1,1273,625,112,286,9.062500
167,2,591,682,60,160,8.125000
167,3,1144,659,66,164,7.312500
167,5,370,670,44,107,6.937500
167,6,543,662,58,183,7.375000
167,7,1128,656,30,93,5.687500
167,8,1502,633,106,331,8.187500
167,10,626,666,33,91,4.625000
167,12,1068,507,63,243,8.875000
167,14,1440,647,52,176,1.820312
168,0,1346,642,113,228,5.375000
168,1,1272,624,112,286,8.812500
168,2,593,682,59,160,8.250000
168,3,1145,657,65,163,7.375000
168,5,369,668,42,109,7.062500
168,6,542,662,59,184,7.281250
168,7,1127,652,31,138,5.593750
168,8,1514,630,97,332,8.312500
168,10,627,665,31,89,4.687500
168,12,1068,505,64,244,9.000000
168,14,1438,644,54,177,2.187500
169,0,1343,643,123,230,5.625000
169,1,1273,622,111,286,8.750000
169,2,595,682,57,160,8.187500
169,3,1142,655,65,164,7.500000
169,5,369,668,37,109,7.218750
169,6,543,661,61,184,7.406250
169,7,1126,655,31,135,5.125000
169,8,1526,627,89,333,7.843750
169,10,628,664,31,86,4.687500
169,12,1068,504,62,244,8.750000
169,14,1436,641,54,178,2.187500
170,0,1353,649,105,222,5.750000
170,1,1270,621,110,286,8.375000
170,2,596,680,58,161,8.062500
170,3,1136,654,69,164,7.562500
170,5,366,667,36,110,7.343750
170,6,545,661,61,184,7.500000
170,7,1125,651,31,140,4.562500
170,8,1531,626,95,333,7.718750
170,10,627,663,33,86,4.625000
170,12,1067,503,63,246,9.062500
170,14,1443,642,45,201,2.031250
170,17,1910,674,10,32,2.140625
171,0,1381,649,89,221,5.437500
171,1,1269,620,109,286,7.875000
171,2,597,681,57,159,7.843750
171,3,1135,653,67,164,6.968750
171,5,364,665,34,112,7.250000
171,6,548,659,58,184,7.781250
171,7,1124,649,31,141,3.859375
171,8,1537,624,99,333,7.718750
171,10,628,662,33,86,4.468750
171,12,1066,502,63,247,9.062500
171,14,1447,640,40,198,1.375000
171,17,1902,600,18,121,4.093750
172,0,1411,649,73,218,5.187500
172,1,1269,620,106,285,7.875000
172,2,599,679,54,160,7.906250
172,3,1131,653,68,163,7.125000
172,5,362,664,32,111,7.093750
172,6,549,658,57,185,7.656250
172,7,1123,648,30,90,3.109375
172,8,1544,624,100,332,7.656250
172,10,627,661,37,86,4.781250
172,12,1065,501,62,245,8.812500
172,14,1426,639,37,87,1.750000
172,17,1898,590,22,150,5.500000
173,0,1433,650,54,213,4.781250
173,1,1268,620,106,285,7.781250
173,2,600,678,54,160,8.125000
173,3,1129,651,61,164,7.093750
173,5,360,663,32,111,7.093750
173,6,550,656,58,186,7.812500
173,7,1122,649,27,88,2.859375
173,8,1550,624,107,332,7.781250
173,10,627,660,39,85,4.937500
173,12,1064,501,63,244,8.750000
173,14,1421,637,40,177,2.515625
173,17,1891,584,29,174,6.343750
174,0,1434,681,52,176,4.312500
174,1,1267,620,103,284,7.250000
174,2,601,677,55,160,7.812500
174,3,1125,652,59,162,6.718750
174,5,356,664,32,110,6.937500
174,6,551,655,57,186,7.656250
174,7,1121,648,25,89,2.531250
174,8,1554,625,129,332,7.218750
174,10,626,661,44,75,5.000000
174,12,1063,501,63,243,8.562500
174,14,1415,636,55,178,2.968750
174,17,1883,580,37,445,1.000000
175,0,1441,723,49,133,4.312500
175,1,1266,620,99,284,7.062500
175,2,603,675,54,163,7.468750
175,3,1116,651,69,163,6.625000
175,5,354,662,31,110,6.937500
175,6,552,654,58,186,7.656250
175,7,1120,647,32,140,2.171875
175,8,1554,625,153,332,7.218750
175,10,624,660,47,77,5.093750
175,12,1063,500,63,247,8.812500
175,13,1468,727,17,113,0.312500
175,14,1414,636,57,178,3.203125
175,17,1874,575,46,461,7.343750
176,0,1453,784,32,72,2.921875
176,1,1267,619,95,285,6.687500
176,2,605,673,54,165,6.843750
176,3,1109,649,74,165,6.531250
176,5,353,662,29,109,6.375000
176,6,554,653,57,186,7.656250
176,7,1120,647,32,140,1.617188
176,8,1554,625,168,331,6.875000
176,10,623,660,48,79,5.031250
176,12,1062,500,63,246,8.812500
176,13,1461,713,23,96,3.218750
176,14,1410,635,59,180,3.609375
176,17,1867,574,53,474,7.187500
177,0,1462,807,23,48,2.125000
177,1,1266,619,96,284,6.937500
177,2,606,669,54,168,7.000000
177,3,1104,648,79,166,6.843750
177,5,348,662,32,110,6.593750
177,6,554,653,58,186,7.656250
177,7,1121,648,33,140,1.406250
177,8,1554,626,177,331,7.218750
177,10,623,661,51,83,5.062500
177,12,1062,499,61,245,8.750000
177,13,1458,712,26,141,4.062500
177,14,1407,635,59,179,3.703125
177,17,1858,574,62,487,7.625000
178,0,1473,813,13,38,0.075195
178,1,1264,619,95,283,7.312500
178,2,607,669,53,168,7.312500
178,3,1102,650,73,163,6.625000
178,5,342,662,35,110,6.937500
178,6,555,653,61,187,7.687500
178,7,1122,653,33,134,0.640625
178,8,1554,626,179,332,7.718750
178,10,628,661,45,140,5.093750
178,12,1061,498,62,246,8.687500
178,13,1456,705,28,141,3.953125
178,14,1394,635,70,178,3.718750
178,17,1851,574,69,504,8.312500
179,1,1263,618,95,284,7.531250
179,2,608,668,56,169,7.156250
179,3,1102,648,73,164,6.812500
179,5,340,662,35,109,7.062500
179,6,557,653,60,187,8.062500
179,7,1121,649,32,138,1.664062
179,8,1555,626,181,334,7.593750
179,10,629,661,43,141,4.718750
179,12,1061,498,60,246,9.125000
179,13,1451,698,32,144,4.593750
179,14,1385,636,77,176,4.031250
179,17,1843,575,77,505,8.500000
180,1,1260,618,100,284,7.687500
180,2,609,668,53,168,7.000000
180,3,1102,649,72,163,6.812500
180,5,338,662,36,108,6.937500
180,6,558,652,60,188,7.750000
180,7,1128,647,23,140,2.500000
180,8,1557,625,180,336,7.656250
180,10,630,660,43,142,4.312500
180,12,1061,498,60,244,8.937500
180,13,1448,696,34,145,4.687500
180,14,1377,635,76,177,4.031250
180,17,1835,575,85,505,8.750000
181,1,1258,619,102,283,7.843750
181,2,611,668,55,169,7.000000
181,3,1102,648,70,163,7.187500
181,5,338,661,36,108,6.937500
181,6,561,653,58,187,7.781250
181,7,1128,646,22,140,2.859375
181,8,1562,625,175,337,7.843750
181,10,632,659,41,79,4.031250
181,12,1060,498,60,245,9.312500
181,13,1447,694,36,147,4.843750
181,14,1372,634,80,177,4.375000
181,17,1828,576,92,504,9.125000
182,1,1256,618,102,284,7.906250
182,2,612,668,56,169,6.812500
182,3,1099,648,71,163,7.031250
182,5,336,661,35,109,7.000000
182,6,561,653,56,188,7.718750
182,7,1122,646,26,141,3.546875
182,8,1572,623,165,339,7.687500
182,10,629,658,46,144,3.875000
182,12,1059,498,61,245,9.000000
182,13,1447,694,36,149,5.000000
182,14,1369,634,83,177,4.531250
182,17,1821,576,99,504,9.437500
183,1,1255,618,104,286,8.000000
183,2,613,669,56,169,6.968750
183,3,1097,648,70,163,6.781250
183,5,336,661,33,108,7.187500
183,6,562,653,56,189,7.562500
183,7,1122,646,26,141,3.937500
183,8,1584,622,153,340,8.062500
183,10,629,656,47,81,3.343750
183,12,1060,498,61,245,9.187500
183,13,1445,694,38,150,4.968750
183,14,1368,634,85,178,4.656250
183,17,1815,577,105,503,9.250000
184,1,1252,618,102,288,7.875000
184,2,615,670,55,167,7.156250
184,3,1096,648,68,161,6.593750
184,5,337,660,30,108,6.781250
184,6,563,652,58,189,7.531250
184,7,1125,645,22,142,3.781250
184,8,1597,621,140,341,7.937500
184,10,642,654,39,78,2.890625
184,12,1060,497,61,246,8.875000
184,13,1442,694,40,150,5.093750
184,14,1367,637,83,174,4.843750
184,17,1809,578,111,502,8.937500
185,1,1250,618,105,289,8.187500
185,2,618,668,52,169,7.531250
185,3,1093,649,64,158,6.718750
185,5,334,659,31,108,6.687500
185,6,566,652,57,189,7.343750
185,7,1123,645,34,141,4.156250
185,8,1614,620,123,342,8.187500
185,10,646,653,33,77,2.765625
185,12,1060,497,61,244,9.000000
185,13,1438,694,43,149,5.312500
185,14,1366,639,80,171,5.062500
185,17,1802,579,118,501,9.500000
186,0,1718,846,22,15,0.106934
186,1,1246,617,109,290,8.000000
186,2,620,667,54,169,7.062500
186,3,1090,649,63,158,6.718750
186,5,331,658,31,108,6.656250
186,6,567,652,58,189,7.218750
186,7,1127,645,31,82,4.656250
186,8,1633,621,104,341,8.187500
186,9,1716,800,24,62,0.453125
186,10,645,653,35,79,2.796875
186,12,1061,497,59,242,8.687500
186,13,1430,695,51,148,5.375000
186,14,1367,639,76,170,4.812500
186,17,1795,580,125,500,9.187500
187,0,1732,839,35,29,0.917969
187,1,1245,617,110,289,7.968750
187,2,621,668,56,168,7.156250
187,3,1089,649,59,157,6.593750
187,5,328,658,33,108,6.718750
187,6,569,651,59,190,7.218750
187,7,1126,645,32,85,4.531250
187,8,1647,622,90,340,8.000000
187,9,1731,839,36,29,1.304688
187,10,645,652,36,78,2.562500
187,12,1060,497,61,243,8.687500
187,13,1421,694,60,148,5.281250
187,14,1367,639,72,170,4.750000
187,17,1787,580,133,500,9.187500
188,0,1742,836,37,34,1.640625
188,1,1246,617,102,290,7.687500
188,2,623,669,51,167,6.968750
188,3,1086,648,62,158,6.500000
188,5,325,657,35,109,6.718750
188,6,569,649,60,191,7.343750
188,7,1124,645,33,56,4.750000
188,8,1654,623,96,345,8.375000
188,9,1709,630,70,239,1.703125
188,10,629,652,61,82,2.296875
188,12,1059,496,62,250,8.875000
188,13,1416,694,64,148,5.500000
188,14,1367,637,67,172,5.031250
188,17,1780,581,140,499,9.375000
189,0,1729,665,57,208,1.515625
189,1,1247,617,101,290,7.750000
189,2,623,672,52,163,6.968750
189,3,1084,648,63,158,6.437500
189,5,322,656,36,108,6.625000
189,6,570,648,62,191,7.500000
189,7,1125,645,33,137,4.937500
189,8,1661,626,103,346,8.187500
189,9,1723,646,63,227,1.757812
189,10,634,652,58,82,1.929688
189,12,1059,496,62,246,8.937500
189,13,1412,694,69,148,5.593750
189,14,1365,636,65,170,5.218750
189,17,1771,581,149,499,9.062500
190,0,1733,646,56,228,1.921875
190,1,1247,616,100,290,7.218750
190,2,625,666,55,168,7.562500
190,3,1082,647,63,159,6.406250
190,5,321,656,36,109,6.562500
190,6,570,646,65,193,7.656250
190,7,1123,645,35,140,5.687500
190,8,1667,626,108,348,8.000000
190,9,1730,651,58,223,2.406250
190,10,652,653,41,75,1.835938
190,12,1061,496,59,240,9.000000
190,13,1408,695,72,146,5.968750
190,14,1362,635,62,171,5.406250
190,17,1761,581,159,499,8.812500
191,0,1736,684,57,191,1.882812
191,1,1251,616,95,290,7.093750
191,2,626,664,57,170,7.687500
191,3,1080,648,65,157,6.312500
191,5,315,655,41,110,6.875000
191,6,572,646,63,192,7.593750
191,7,1122,645,36,139,5.687500
191,8,1674,628,111,343,7.750000
191,9,1736,684,57,191,2.140625
191,10,646,653,47,154,2.140625
191,12,1059,496,61,244,9.000000
191,13,1406,696,74,145,6.343750
191,14,1359,635,57,171,5.500000
191,17,1750,582,170,498,8.812500
192,0,1762,751,25,120,0.789062
192,1,1249,615,100,291,7.250000
192,2,628,664,58,170,8.250000
192,3,1078,648,65,157,6.312500
192,5,310,656,45,108,6.968750
192,6,572,646,65,192,7.968750
192,7,1121,644,37,139,5.906250
192,8,1678,628,107,334,7.593750
192,9,1758,740,30,131,0.714844
192,10,648,653,49,153,2.375000
192,12,1060,495,60,238,9.062500
192,13,1405,695,74,146,6.218750
192,14,1354,633,61,171,5.718750
192,17,1736,579,184,501,8.625000
193,1,1250,614,97,291,7.687500
193,2,629,663,57,170,8.250000
193,3,1077,648,62,156,6.187500
193,5,305,656,47,108,7.062500
193,6,573,646,66,193,8.062500
193,7,1119,644,40,139,5.531250
193,8,1678,628,100,334,7.000000
193,10,650,655,48,156,2.375000
193,12,1060,495,61,238,9.187500
193,13,1405,695,77,146,6.406250
193,14,1350,631,64,173,5.718750
193,17,1722,576,198,504,8.687500
194,1,1255,614,92,291,7.687500
194,2,632,663,56,171,8.250000
194,3,1075,648,55,156,6.062500
194,5,300,655,51,109,7.093750
194,6,573,644,67,197,7.843750
194,7,1117,643,41,140,5.562500
194,8,1681,628,89,334,7.031250
194,10,650,654,49,159,2.296875
194,12,1060,495,62,236,9.375000
194,13,1404,693,76,147,6.593750
194,14,1348,630,66,174,5.687500
194,17,1706,574,214,506,8.562500
195,0,1828,628,71,242,2.843750
195,1,1268,613,79,292,7.375000
195,2,633,661,58,174,7.781250
195,3,1073,648,58,156,6.281250
195,5,299,656,52,107,6.906250
195,6,574,645,65,197,7.718750
195,7,1120,643,38,141,5.656250
195,8,1682,638,85,323,6.875000
195,9,1829,628,70,242,2.984375
195,10,649,653,50,159,2.328125
195,12,1060,495,61,231,9.375000
195,13,1402,693,74,147,6.312500
195,14,1347,630,59,174,5.437500
195,17,1686,575,234,505,8.625000
196,0,1840,626,80,246,3.296875
196,1,1268,613,81,291,7.500000
196,2,633,662,62,172,7.718750
196,3,1072,648,54,155,6.375000
196,5,300,655,51,107,6.718750
196,6,575,644,66,198,7.562500
196,7,1121,643,37,140,5.562500
196,8,1683,651,177,327,6.968750
196,9,1841,627,79,343,3.640625
196,10,649,653,50,158,2.296875
196,12,1060,494,61,231,9.437500
196,13,1396,692,72,148,6.500000
196,14,1344,630,59,174,5.500000
196,17,1670,574,250,506,8.312500
197,0,1841,626,79,247,3.359375
197,1,1268,612,82,292,7.906250
197,2,633,660,66,173,7.906250
197,3,1069,648,55,154,6.593750
197,5,300,655,51,106,6.843750
197,6,581,645,60,196,8.062500
197,7,1119,642,39,140,5.687500
197,8,1689,669,171,311,6.218750
197,9,1840,626,80,246,3.703125
197,10,650,652,48,158,2.218750
197,12,1059,494,62,228,9.125000
197,13,1398,692,62,147,6.281250
197,14,1343,630,56,173,5.562500
197,17,1658,576,262,504,8.125000
198,0,1841,628,79,246,3.562500
198,1,1268,612,82,292,7.468750
198,2,634,659,68,174,7.718750
198,3,1068,648,54,153,6.156250
198,5,300,654,50,106,6.781250
198,6,581,644,63,197,7.656250
198,7,1118,642,40,140,5.750000
198,8,1698,676,164,305,5.156250
198,9,1841,628,79,246,3.734375
198,10,652,651,51,159,2.281250
198,12,1059,493,61,223,9.062500
198,13,1396,690,59,150,6.375000
198,14,1339,630,61,173,5.656250
198,17,1655,575,265,505,8.187500
199,0,1843,633,77,241,3.578125
199,1,1268,612,83,292,7.343750
199,2,635,660,72,173,7.656250
199,3,1066,648,56,153,5.968750
199,5,301,653,47,105,6.750000
199,6,583,645,59,197,7.500000
199,7,1118,641,40,140,5.718750
199,8,1774,626,88,355,5.375000
199,9,1842,633,78,241,3.812500
199,10,652,649,54,161,2.203125
199,12,1059,493,62,215,8.687500
199,13,1384,691,62,148,6.156250
199,14,1335,631,65,172,5.656250
199,17,1659,575,257,505,8.125000
200,0,1857,640,63,232,3.703125
200,1,1268,612,81,291,7.250000
200,2,635,659,70,173,7.812500
200,3,1063,648,57,152,6.187500
200,5,300,652,46,107,6.562500
200,6,584,646,58,196,7.468750
200,7,1119,643,39,138,5.750000
200,8,1771,625,91,355,6.156250
200,9,1857,641,63,231,3.937500
200,10,636,648,52,162,2.578125
200,12,1060,492,61,187,8.750000
200,13,1380,690,63,149,6.218750
200,14,1333,631,65,172,5.812500
200,17,1670,576,220,504,7.781250
201,0,1887,695,33,176,3.593750
201,1,1268,612,79,291,7.218750
201,2,638,657,68,175,7.281250
201,3,1061,646,59,154,5.937500
201,5,300,652,42,106,6.843750
201,6,586,645,56,197,7.750000
201,7,1119,643,39,138,5.750000
201,8,1774,623,88,357,6.843750
201,9,1887,695,33,176,3.750000
201,10,636,648,52,161,2.750000
201,12,1062,492,59,181,8.750000
201,13,1377,690,60,149,6.093750
201,14,1333,631,64,171,5.875000
201,17,1649,576,209,504,8.062500
202,0,1913,818,7,52,1.429688
202,1,1268,611,80,291,7.406250
202,2,640,658,67,173,7.531250
202,3,1056,646,63,150,5.656250
202,5,300,650,39,108,6.906250
202,6,587,645,56,197,7.906250
202,7,1119,644,39,137,6.031250
202,8,1780,622,84,357,7.375000
202,9,1913,818,7,52,1.429688
202,10,639,647,58,162,3.250000
202,12,1060,492,61,180,9.125000
202,13,1381,690,48,147,6.343750
202,14,1333,632,60,170,6.062500
202,17,1631,575,194,505,8.062500
203,1,1268,611,81,291,7.343750
203,2,643,659,65,172,7.656250
203,3,1057,645,61,150,5.500000
203,5,301,650,33,107,6.906250
203,6,588,644,57,198,7.812500
203,7,1119,641,39,140,6.250000
203,8,1785,622,92,357,7.437500
203,10,643,647,50,158,3.328125
203,12,1060,492,62,177,9.062500
203,13,1381,691,47,145,6.468750
203,14,1334,631,55,170,5.750000
203,17,1614,575,192,505,7.875000
204,1,1268,610,83,291,7.250000
204,2,644,657,65,174,7.781250
204,3,1058,643,58,152,5.656250
204,5,300,649,30,107,7.000000
204,6,587,642,61,199,7.968750
204,7,1118,641,40,140,6.437500
204,8,1781,622,106,357,7.437500
204,10,643,647,56,160,4.000000
204,12,1060,491,61,174,9.062500
204,13,1370,690,58,146,6.656250
204,14,1336,630,50,170,5.625000
204,17,1600,573,204,507,7.718750
205,1,1268,611,82,290,7.093750
205,2,650,655,61,175,7.906250
205,3,1055,641,61,153,5.750000
205,5,299,648,30,106,6.843750
205,6,588,641,64,199,7.937500
205,7,1117,641,41,139,6.656250
205,8,1773,617,124,362,7.437500
205,10,642,647,63,162,4.343750
205,12,1060,491,61,173,9.000000
205,13,1363,691,64,145,6.906250
205,14,1335,630,49,169,5.437500
205,17,1587,575,215,505,7.906250
206,1,1267,610,86,291,7.218750
206,2,651,655,61,175,7.750000
206,3,1054,641,61,153,5.718750
206,5,297,647,30,107,6.656250
206,6,587,640,66,199,7.906250
206,7,1116,641,42,139,6.781250
206,8,1791,616,129,364,7.250000
206,10,644,648,64,161,4.562500
206,12,1059,490,63,175,9.125000
206,13,1360,690,67,146,7.000000
206,14,1333,630,47,168,5.187500
206,17,1578,576,225,504,7.937500
207,1,1267,610,92,290,7.218750
207,2,651,654,62,175,8.062500
207,3,1052,640,62,154,5.843750
207,5,296,646,28,108,6.687500
207,6,588,639,66,200,7.875000
207,7,1113,640,45,140,6.750000
207,8,1800,616,120,363,7.156250
207,10,652,649,55,160,4.718750
207,12,1059,490,63,175,9.250000
207,13,1359,689,67,146,7.156250
207,14,1327,629,47,168,4.750000
207,17,1571,577,236,503,7.781250
208,1,1267,609,91,290,7.218750
208,2,650,654,65,176,7.906250
208,3,1052,640,59,153,5.875000
208,5,293,646,30,108,6.562500
208,6,589,638,65,201,8.062500
208,7,1112,639,45,140,6.906250
208,8,1800,616,120,363,7.312500
208,10,652,648,55,161,4.843750
208,12,1059,489,62,178,9.062500
208,13,1358,690,66,143,6.843750
208,14,1324,627,43,169,4.312500
208,17,1566,576,239,504,7.750000
209,1,1267,609,93,290,7.062500
209,2,653,654,64,176,7.937500
209,3,1049,640,60,152,5.937500
209,5,288,646,32,107,6.625000
209,6,589,638,66,200,8.125000
209,7,1110,637,48,142,6.906250
209,8,1800,616,120,362,7.375000
209,10,649,648,58,161,5.250000
209,12,1059,489,62,180,9.312500
209,13,1356,690,69,143,6.781250
209,14,1325,627,41,167,4.437500
209,17,1525,577,273,503,7.656250
210,1,1266,608,93,291,7.031250
210,2,654,654,65,177,8.125000
210,3,1047,639,60,153,6.062500
210,5,283,646,35,107,6.781250
210,6,590,637,67,201,8.125000
210,7,1108,638,48,140,6.906250
210,8,1800,616,120,361,7.343750
210,10,654,648,56,161,5.468750
210,12,1059,488,62,180,9.062500
210,13,1353,690,68,142,6.656250
210,14,1324,627,42,164,3.718750
210,17,1513,578,282,502,7.843750
