1,0,0,415,15,77,1.000000
1,1,154,441,58,150,1.000000
1,2,468,369,48,104,1.000000
1,3,561,369,21,79,1.000000
1,4,736,458,58,135,1.000000
1,5,442,444,65,155,1.000000
1,7,1003,461,66,137,1.000000
1,8,1599,321,45,126,1.000000
1,9,670,46,17,60,1.000000
1,10,886,463,63,133,1.000000
1,11,956,741,103,284,1.000000
1,12,1055,413,38,136,1.000000
1,13,1096,286,96,201,1.000000
1,14,885,468,36,101,3.125000
1,16,0,355,15,137,0.910156
1,19,886,463,63,133,2.203125
2,0,0,415,15,77,6.750000
2,1,155,441,57,149,8.562500
2,2,468,369,47,103,8.375000
2,3,562,373,19,72,5.187500
2,4,736,458,57,134,8.750000
2,5,441,445,66,154,8.250000
2,7,1001,461,63,137,7.343750
2,8,1597,322,47,126,10.687500
2,9,670,47,16,59,10.750000
2,10,886,462,62,133,9.562500
2,11,956,741,104,285,9.312500
2,12,1052,411,36,137,7.906250
2,13,1096,286,96,202,7.312500
2,14,902,547,20,23,2.500000
2,16,0,355,15,137,0.996094
2,19,886,462,61,133,2.265625
3,0,0,416,15,76,6.562500
3,1,156,441,56,150,8.625000
3,2,468,369,47,104,8.250000
3,3,563,368,20,81,1.835938
3,4,736,458,57,133,9.000000
3,5,442,445,65,154,8.187500
3,7,999,461,61,137,7.468750
3,8,1597,322,48,126,10.875000
3,9,670,47,16,59,10.750000
3,10,886,462,59,132,9.375000
3,11,956,741,102,285,9.375000
3,12,1048,411,33,138,7.812500
3,13,1096,287,96,200,7.312500
3,14,881,463,43,107,1.921875
3,16,0,354,14,138,1.093750
3,19,886,462,59,132,2.156250
4,0,0,417,15,75,5.843750
4,1,158,441,56,150,8.312500
4,2,467,369,46,104,7.625000
4,4,734,458,58,133,9.000000
4,5,441,443,66,157,8.125000
4,7,996,461,59,137,7.187500
4,8,1597,322,48,126,9.875000
4,9,670,48,16,58,10.250000
4,10,884,461,55,131,9.250000
4,11,956,742,98,284,9.375000
4,12,1046,410,33,139,7.718750
4,13,1096,287,96,201,5.968750
4,14,876,469,43,41,0.757812
4,16,0,354,17,138,1.250000
4,19,883,461,56,131,2.140625
5,0,0,422,14,70,5.062500
5,1,159,442,56,149,8.312500
5,2,465,369,47,104,7.718750
5,4,734,457,57,133,8.812500
5,5,442,445,65,154,8.187500
5,7,996,461,53,137,7.156250
5,8,1597,322,48,126,9.812500
5,9,669,47,18,59,10.187500
5,10,881,460,52,131,9.500000
5,11,956,743,90,283,9.375000
5,12,1041,411,36,136,7.843750
5,13,1096,286,96,202,6.000000
5,14,876,474,41,35,0.408203
5,16,0,438,14,53,1.226562
5,19,881,460,52,131,2.093750
6,0,0,440,13,50,4.875000
6,1,160,441,57,150,7.875000
6,2,463,369,48,104,7.500000
6,4,731,456,57,132,8.500000
6,5,442,445,66,154,7.937500
6,7,994,460,50,138,7.250000
6,8,1597,322,48,126,9.750000
6,9,670,48,16,58,10.062500
6,10,878,459,49,132,9.312500
6,11,955,743,85,283,9.187500
6,12,1040,411,35,136,7.875000
6,13,1096,287,96,201,5.593750
6,14,876,473,42,92,1.312500
6,16,0,452,13,38,1.429688
6,19,877,459,50,132,2.078125
7,0,0,460,12,29,3.828125
7,1,162,442,56,149,7.937500
7,2,462,368,50,105,7.218750
7,4,729,455,55,132,8.250000
7,5,442,445,67,154,7.937500
7,7,992,460,49,138,7.187500
7,8,1597,322,47,126,9.687500
7,9,670,48,16,58,9.875000
7,10,875,458,44,133,9.062500
7,11,951,743,81,283,9.000000
7,12,1035,411,41,136,7.562500
7,13,1096,287,96,201,5.781250
7,14,875,480,44,90,2.109375
7,16,0,460,12,29,1.585938
7,19,875,458,44,133,2.234375
8,0,0,461,10,27,3.531250
8,1,163,442,58,149,7.562500
8,2,460,369,50,103,7.156250
8,4,726,455,55,129,8.250000
8,5,441,437,68,163,7.812500
8,7,988,460,52,139,7.093750
8,8,1597,322,47,126,9.687500
8,9,670,48,16,58,10.000000
8,10,872,458,40,133,8.687500
8,11,948,743,76,283,9.062500
8,12,1036,412,39,135,7.437500
8,13,1096,287,96,201,5.750000
8,14,890,459,27,111,2.421875
8,16,0,460,10,28,1.679688
8,19,873,458,39,133,2.296875
9,0,0,465,7,21,2.906250
9,1,164,442,59,149,7.562500
9,2,459,369,50,103,7.593750
9,4,723,456,52,128,8.125000
9,5,442,443,68,157,7.968750
9,7,987,460,52,138,7.250000
9,8,1597,322,47,126,9.687500
9,9,670,48,16,58,9.937500
9,10,868,457,43,134,8.312500
9,11,944,743,70,283,8.875000
9,12,1032,413,43,134,7.437500
9,13,1096,287,96,201,5.843750
9,14,893,470,22,99,2.500000
9,16,0,465,7,21,1.554688
9,19,869,457,42,134,2.359375
10,0,0,469,6,17,2.062500
10,1,167,443,59,148,7.687500
10,2,459,369,48,103,7.625000
10,4,721,455,50,129,8.375000
10,5,442,444,69,156,8.062500
10,7,986,461,48,137,7.281250
10,8,1597,322,47,126,9.562500
10,9,670,48,16,58,9.937500
10,10,865,457,49,134,7.937500
10,11,940,743,70,283,9.125000
10,12,1028,413,47,133,7.406250
10,13,1096,287,96,201,6.000000
10,14,890,469,25,99,2.171875
10,16,0,469,5,16,1.429688
10,19,866,457,47,134,2.203125
11,0,0,473,4,10,1.234375
11,1,168,443,66,148,7.562500
11,2,457,369,49,103,7.593750
11,4,719,455,49,129,8.375000
11,5,442,443,70,157,7.937500
11,7,982,461,50,137,7.468750
11,8,1597,322,47,126,9.625000
11,9,669,47,18,59,9.937500
11,10,862,457,54,134,8.062500
11,11,937,743,73,283,9.312500
11,12,1026,413,49,133,7.593750
11,13,1096,287,96,201,6.062500
11,14,888,469,29,96,2.046875
11,16,0,473,4,10,0.984375
11,19,862,457,49,134,2.234375
12,1,170,444,70,147,7.593750
12,2,455,368,49,103,7.500000
12,4,716,453,50,132,8.625000
12,5,443,445,69,155,8.062500
12,7,980,461,51,138,7.437500
12,8,1597,322,48,126,9.500000
12,9,670,47,17,60,9.875000
12,10,859,457,57,134,8.062500
12,11,934,743,68,283,9.312500
12,12,1021,413,52,133,7.593750
12,13,1096,287,96,201,6.250000
12,14,888,466,28,93,2.375000
12,19,861,457,50,134,2.156250
13,1,172,445,73,147,7.625000
13,2,456,368,47,101,7.687500
13,4,715,455,49,130,8.812500
13,5,443,444,69,156,8.125000
13,7,978,461,52,138,7.468750
13,8,1597,322,48,126,9.562500
13,9,670,47,17,59,9.875000
13,10,854,457,63,134,8.062500
13,11,931,743,67,283,9.375000
13,12,1016,413,55,132,7.500000
13,13,1096,287,96,201,6.437500
13,14,887,466,31,100,3.046875
13,19,855,457,56,134,2.078125
14,1,175,446,72,146,7.343750
14,2,454,367,49,100,7.593750
14,4,712,454,49,131,8.625000
14,5,444,445,68,155,8.187500
14,7,976,462,54,137,7.250000
14,8,1597,322,47,126,9.562500
14,9,670,47,18,59,9.875000
14,10,850,457,66,134,8.187500
14,11,922,743,76,283,9.125000
14,12,1011,413,54,131,7.750000
14,13,1096,287,96,201,6.656250
14,14,882,466,35,101,3.968750
14,19,850,458,55,133,2.062500
15,1,177,446,70,147,7.343750
15,2,453,367,49,99,7.656250
15,4,710,454,49,130,8.625000
15,5,445,444,67,156,8.125000
15,7,973,463,57,136,7.187500
15,8,1597,322,47,126,9.625000
15,9,670,48,17,58,9.750000
15,10,849,457,65,134,8.062500
15,11,911,743,80,283,8.875000
15,12,1008,412,53,132,8.187500
15,13,1096,287,96,201,6.843750
15,14,878,463,37,100,4.656250
15,19,850,458,55,133,2.125000
16,1,179,447,69,147,7.375000
16,2,452,367,50,98,7.531250
16,4,707,454,50,130,8.500000
16,5,445,445,66,155,8.062500
16,7,971,463,60,136,7.218750
16,8,1597,322,47,126,9.625000
16,9,670,48,17,58,9.687500
16,10,847,458,63,133,7.906250
16,11,905,742,84,284,9.000000
16,12,1005,412,49,130,8.125000
16,13,1096,287,97,201,6.906250
16,14,874,465,38,100,5.343750
16,19,848,458,57,133,2.171875
17,1,181,448,68,147,7.312500
17,2,453,368,48,96,7.437500
17,4,705,454,50,130,8.500000
17,5,446,445,65,155,8.125000
17,7,969,463,61,136,7.156250
17,8,1597,322,48,127,9.625000
17,9,670,49,16,57,9.750000
17,10,845,457,60,134,8.000000
17,11,898,742,88,284,8.812500
17,12,1003,411,45,131,7.875000
17,13,1096,287,97,202,7.062500
17,14,868,460,39,102,6.656250
17,19,846,458,56,133,2.203125
18,1,183,447,66,148,7.250000
18,2,451,367,50,96,7.281250
18,4,703,453,51,132,8.250000
18,5,447,446,64,154,7.875000
18,7,969,464,61,135,7.062500
18,8,1597,322,48,127,9.500000
18,9,670,49,16,57,9.750000
18,10,841,457,58,134,7.562500
18,11,896,742,89,284,8.562500
18,12,999,411,42,132,8.062500
18,13,1096,288,97,200,6.968750
18,14,862,460,42,104,7.406250
18,19,842,458,56,132,2.187500
19,1,186,447,63,148,7.062500
19,2,453,368,46,93,7.062500
19,4,702,453,52,132,8.000000
19,5,448,446,63,154,7.937500
19,7,967,462,65,137,7.375000
19,8,1597,323,48,126,9.375000
19,9,669,49,17,58,9.687500
19,10,839,457,59,131,7.375000
19,11,895,741,90,286,8.437500
19,12,998,410,35,133,8.062500
19,13,1096,288,97,201,7.218750
19,14,862,462,37,103,7.843750
19,19,840,458,54,130,2.250000
20,1,187,447,62,148,7.125000
20,2,453,368,46,92,7.125000
20,4,701,453,52,131,7.812500
20,5,448,446,64,154,7.937500
20,7,963,461,65,137,7.562500
20,8,1597,323,47,126,9.312500
20,9,669,49,17,58,9.687500
20,10,836,456,55,130,7.375000
20,11,893,740,92,287,8.437500
20,12,994,409,35,136,7.468750
20,13,1096,288,97,201,7.218750
20,14,863,463,34,102,8.562500
20,19,836,456,51,130,2.218750
21,1,189,447,60,148,7.093750
21,2,452,367,47,93,7.125000
21,4,700,452,52,132,7.562500
21,5,449,446,62,154,7.812500
21,7,961,461,64,136,7.781250
21,8,1597,323,47,126,9.375000
21,9,669,47,18,60,9.750000
21,10,833,456,48,128,7.312500
21,11,893,739,91,288,7.937500
21,12,989,409,38,136,7.218750
21,13,1096,288,96,200,7.562500
21,14,863,462,34,102,1.000000
21,19,834,455,46,129,2.031250
22,1,190,447,59,149,6.968750
22,2,452,366,46,94,7.250000
22,4,700,451,49,132,7.500000
22,5,451,446,60,154,7.812500
22,7,960,461,61,135,7.625000
22,8,1597,323,47,126,9.375000
22,9,670,49,16,58,9.687500
22,10,831,454,47,130,7.218750
22,11,893,736,92,291,8.062500
22,12,986,409,38,136,7.218750
22,13,1096,288,96,200,7.656250
22,14,863,464,31,101,6.468750
22,19,830,453,43,131,2.031250
23,1,192,447,57,149,6.718750
23,2,452,366,46,94,7.218750
23,4,699,452,48,130,7.593750
23,5,451,446,60,154,7.750000
23,7,958,462,59,133,7.718750
23,8,1598,323,47,126,9.375000
23,9,670,49,16,58,9.750000
23,10,828,452,46,132,7.093750
23,11,893,735,92,292,8.125000
23,12,983,410,41,135,6.812500
23,13,1096,287,97,202,7.156250
23,14,861,463,31,102,6.125000
23,19,828,452,44,132,1.945312
24,1,194,447,57,149,6.625000
24,2,453,365,45,95,7.218750
24,4,698,450,46,132,7.437500
24,5,452,446,59,154,7.468750
24,7,960,465,52,130,7.468750
24,8,1597,322,48,127,9.437500
24,9,668,48,19,59,9.687500
24,10,827,452,42,132,7.312500
24,11,893,733,97,294,7.875000
24,12,982,410,41,135,7.000000
24,13,1096,288,97,201,7.562500
24,14,859,465,30,97,6.125000
24,19,827,451,42,132,1.859375
25,1,196,447,58,148,6.781250
25,2,455,365,43,93,7.156250
25,4,698,451,42,126,7.250000
25,5,453,446,58,154,7.437500
25,7,959,465,47,130,7.468750
25,8,1598,322,47,127,9.375000
25,9,669,50,17,57,9.437500
25,10,824,451,42,132,7.312500
25,11,893,732,92,294,8.187500
25,12,976,410,47,135,7.093750
25,13,1096,288,97,201,7.656250
25,14,857,465,29,97,6.093750
25,19,824,451,40,132,1.843750
26,1,198,448,59,154,6.593750
26,2,454,363,44,96,7.343750
26,4,699,452,36,124,7.031250
26,5,454,445,56,155,7.125000
26,7,953,463,47,132,7.375000
26,8,1598,322,46,127,9.437500
26,9,669,50,17,57,9.562500
26,10,823,452,41,131,7.156250
26,11,892,731,85,294,8.187500
26,12,975,410,49,135,7.062500
26,13,1096,288,97,201,7.687500
26,14,857,467,27,95,6.031250
26,19,823,451,41,132,1.789062
27,1,200,448,59,156,6.375000
27,2,454,364,44,94,7.156250
27,4,698,453,33,123,6.718750
27,5,455,447,56,153,6.875000
27,7,951,463,44,131,6.812500
27,8,1598,322,47,127,9.250000
27,9,668,49,19,58,9.625000
27,10,815,452,49,131,6.843750
27,11,893,730,76,292,7.312500
27,12,972,410,51,135,6.843750
27,13,1096,288,96,200,7.625000
27,14,856,468,24,95,6.218750
27,15,1903,670,17,15,3.562500
27,19,815,452,50,131,2.046875
28,1,202,450,61,155,6.093750
28,2,454,364,44,89,7.000000
28,4,698,459,31,114,6.156250
28,5,456,447,55,153,6.375000
28,7,951,463,43,131,6.281250
28,8,1598,322,47,127,9.000000
28,9,669,50,17,57,9.437500
28,10,808,453,56,130,6.531250
28,11,890,729,70,289,6.968750
28,12,967,410,55,135,6.250000
28,13,1096,288,96,201,6.906250
28,14,854,469,21,95,6.187500
28,15,1885,634,35,51,1.000000
28,19,808,453,56,130,2.125000
29,1,203,451,61,155,6.312500
29,2,454,362,45,92,7.187500
29,4,698,459,29,115,6.218750
29,5,458,447,53,153,6.500000
29,7,949,464,43,131,6.093750
29,8,1598,322,47,127,9.125000
29,9,668,49,19,58,9.437500
29,10,802,454,62,129,6.312500
29,11,887,728,64,287,7.968750
29,12,965,410,56,135,6.406250
29,13,1096,288,97,201,7.093750
29,14,852,466,24,99,6.656250
29,15,1875,630,45,53,8.687500
29,19,802,454,62,129,2.125000
30,1,205,452,60,153,6.156250
30,2,454,361,45,91,7.343750
30,4,698,459,27,115,6.000000
30,5,459,447,52,153,6.281250
30,7,945,461,45,133,6.125000
30,8,1598,322,47,127,9.187500
30,9,669,50,18,57,9.312500
30,10,799,454,65,129,6.281250
30,11,882,727,67,262,7.781250
30,12,964,409,55,136,6.593750
30,13,1096,288,97,201,7.000000
30,14,850,467,25,97,7.093750
30,15,1862,600,58,83,8.125000
30,19,799,455,65,128,2.140625
31,1,207,452,62,154,6.406250
31,2,454,361,45,93,7.281250
31,4,699,458,24,116,5.812500
31,5,460,448,51,153,6.250000
31,7,938,460,51,134,6.281250
31,8,1598,323,47,126,9.125000
31,9,667,49,21,58,9.250000
31,10,798,454,66,128,6.156250
31,11,878,727,68,262,7.750000
31,12,959,409,56,135,6.718750
31,13,1096,288,97,201,6.687500
31,14,847,466,27,98,7.500000
31,15,1857,576,63,107,7.625000
31,19,703,454,161,128,2.421875
32,1,208,454,62,153,6.437500
32,2,454,361,45,94,7.343750
32,4,699,460,23,114,5.843750
32,5,461,446,51,155,6.375000
32,7,931,463,58,131,6.437500
32,8,1598,322,47,127,9.125000
32,9,667,50,21,57,9.312500
32,10,797,453,66,129,6.031250
32,11,875,726,68,263,7.531250
32,12,955,409,54,133,6.468750
32,13,1097,288,96,201,6.593750
32,14,846,466,28,98,7.718750
32,15,1855,526,65,157,6.937500
32,19,703,453,159,129,2.437500
33,1,209,454,63,154,6.531250
33,2,455,360,44,95,7.500000
33,4,699,461,20,113,5.718750
33,5,461,443,51,158,6.312500
33,7,927,464,62,130,6.562500
33,8,1598,323,47,126,9.250000
33,9,668,51,19,56,9.250000
33,10,798,453,63,128,6.312500
33,11,870,725,70,268,7.468750
33,12,953,408,52,133,6.562500
33,13,1096,288,97,201,6.656250
33,14,844,465,30,99,7.656250
33,15,1851,523,69,160,6.218750
33,19,799,453,61,128,2.625000
34,1,211,454,61,155,6.531250
34,2,455,361,43,91,7.437500
34,4,699,462,18,112,5.562500
34,5,463,444,48,157,6.312500
34,7,926,473,67,121,6.625000
34,8,1598,323,47,126,9.187500
34,9,668,50,19,57,9.250000
34,10,798,453,60,127,6.437500
34,11,862,80,78,923,7.437500
34,12,949,408,49,133,6.593750
34,13,1097,288,96,201,6.718750
34,14,842,465,31,98,7.875000
34,15,1853,522,67,161,5.937500
34,19,709,452,149,128,2.390625
35,1,213,455,60,154,6.750000
35,2,455,360,43,93,7.406250
35,4,699,463,18,110,5.468750
35,5,464,443,47,157,6.281250
35,7,926,471,65,123,7.093750
35,8,1598,323,47,126,9.187500
35,9,666,49,22,58,9.312500
35,10,797,453,57,126,6.781250
35,11,849,724,88,276,8.062500
35,12,946,407,38,79,6.781250
35,13,1097,288,96,201,6.812500
35,14,842,465,31,98,8.000000
35,15,1853,516,67,167,6.093750
35,19,796,453,58,126,2.281250
36,1,214,455,60,154,6.656250
36,2,455,360,42,93,7.312500
36,4,699,466,18,107,5.093750
36,5,464,442,48,159,6.312500
36,7,925,479,63,115,7.000000
36,8,1598,323,47,126,9.187500
36,9,666,49,22,58,9.250000
36,10,793,453,56,126,6.500000
36,11,839,724,94,270,7.937500
36,12,942,406,39,85,6.562500
36,13,1097,288,96,201,6.812500
36,14,840,464,31,99,7.750000
36,15,1853,517,67,166,6.187500
36,19,793,453,56,126,2.171875
37,1,216,456,59,153,6.500000
37,2,455,360,40,93,7.187500
37,4,698,470,19,103,4.437500
37,5,465,443,46,157,6.250000
37,7,925,477,63,116,7.250000
37,8,1598,322,47,127,9.250000
37,9,666,49,22,58,9.187500
37,10,789,454,54,125,6.437500
37,11,830,724,101,265,8.125000
37,12,941,405,37,78,6.312500
37,13,1097,288,95,201,6.937500
37,14,840,463,28,98,7.656250
37,15,1852,514,68,169,6.406250
37,19,789,454,53,125,2.187500
38,1,218,457,58,152,6.875000
38,2,455,360,39,96,6.906250
38,4,699,479,17,94,3.906250
38,5,466,443,47,159,6.250000
38,7,925,474,63,119,7.125000
38,8,1598,322,47,127,9.312500
38,9,667,49,21,58,9.187500
38,10,786,451,50,128,6.750000
38,11,823,724,107,264,8.312500
38,12,940,405,34,77,6.437500
38,13,1097,288,95,201,7.000000
38,14,838,462,30,99,7.625000
38,15,1853,512,59,171,6.343750
38,19,709,451,126,128,2.171875
39,1,220,456,57,153,6.906250
39,2,455,360,39,96,6.968750
39,4,700,486,16,87,3.109375
39,5,467,443,45,159,6.218750
39,7,925,472,62,119,6.875000
39,8,1598,323,47,126,9.250000
39,9,667,50,20,57,9.062500
39,10,784,450,44,129,6.968750
39,11,818,723,112,265,8.250000
39,12,937,406,35,76,6.812500
39,13,1097,288,95,201,7.031250
39,14,836,461,33,99,7.687500
39,15,1850,512,56,171,6.593750
39,19,709,450,118,129,2.140625
40,1,221,455,60,154,6.843750
40,2,455,360,38,95,6.781250
40,4,703,542,11,29,2.671875
40,5,468,443,43,160,6.250000
40,7,922,474,64,116,6.718750
40,8,1598,323,46,125,9.250000
40,9,667,50,20,57,9.062500
40,10,782,449,45,130,6.968750
40,11,814,723,117,265,8.062500
40,12,929,405,42,134,6.687500
40,13,1097,288,95,201,6.937500
40,14,833,461,36,97,7.937500
40,15,1840,513,60,171,6.750000
40,19,709,448,119,131,2.046875
41,1,223,456,60,153,7.062500
41,2,456,359,37,96,6.906250
41,4,703,549,9,21,1.500000
41,5,469,442,43,161,6.250000
41,7,916,467,68,122,6.593750
41,8,1598,323,46,125,9.312500
41,9,666,49,22,58,9.000000
41,10,779,449,48,130,6.906250
41,11,812,723,118,265,8.937500
41,12,918,406,53,133,7.218750
41,13,1097,288,95,201,6.875000
41,14,831,461,34,97,7.875000
41,15,1825,513,69,170,6.937500
41,19,778,448,50,131,1.796875
42,1,226,457,60,152,6.937500
42,2,457,359,35,97,6.781250
42,4,702,551,9,15,0.102539
42,5,469,442,44,161,6.218750
42,7,919,472,62,117,6.968750
42,8,1598,323,47,126,9.312500
42,9,667,50,20,57,9.000000
42,10,776,448,51,131,7.000000
42,11,813,723,117,265,8.437500
42,12,910,406,62,133,7.218750
42,13,1097,288,96,201,6.812500
42,14,830,461,33,97,8.062500
42,15,1804,513,83,170,7.062500
42,19,777,448,50,130,1.578125
43,1,228,458,63,151,6.843750
43,2,457,359,34,96,6.625000
43,5,470,442,42,161,6.125000
43,7,923,467,53,122,6.968750
43,8,1598,323,47,126,9.187500
43,9,667,50,20,57,8.937500
43,10,773,448,54,131,7.062500
43,11,812,723,117,265,8.375000
43,12,906,407,67,132,7.437500
43,13,1097,288,95,201,6.781250
43,14,829,461,34,98,8.250000
43,15,1793,513,88,170,7.375000
43,19,771,448,56,130,1.570312
44,1,230,457,70,152,6.906250
44,2,457,359,34,97,6.406250
44,5,472,443,42,160,6.031250
44,7,915,466,57,123,6.875000
44,8,1598,323,47,126,9.125000
44,9,667,50,20,57,8.937500
44,10,769,448,59,131,7.062500
44,11,811,721,118,267,8.125000
44,12,903,407,70,131,7.500000
44,13,1097,288,95,201,6.625000
44,14,830,461,30,98,8.312500
44,15,1780,513,102,170,7.593750
44,19,774,448,54,130,1.632812
45,1,233,457,75,152,7.156250
45,2,457,358,34,101,6.187500
45,3,699,465,11,16,0.419922
45,5,472,443,46,160,6.000000
45,7,925,466,42,123,7.000000
45,8,1599,323,46,125,9.062500
45,9,667,50,21,58,8.875000
45,10,767,449,60,130,7.000000
45,11,811,721,119,267,8.500000
45,12,902,407,70,131,7.281250
45,13,1097,288,95,201,6.531250
45,14,827,460,35,98,8.312500
45,15,1774,513,107,168,7.312500
45,19,767,447,61,132,1.851562
46,1,236,458,77,152,6.812500
46,2,458,359,33,97,6.218750
46,3,695,376,18,105,1.804688
46,5,473,442,47,161,6.218750
46,7,922,466,40,123,6.656250
46,8,1599,323,45,125,8.937500
46,9,667,50,21,57,8.875000
46,10,764,448,63,131,6.937500
46,11,811,720,120,267,8.125000
46,12,902,407,68,130,7.250000
46,13,1097,288,96,201,6.531250
46,14,824,461,36,97,8.250000
46,15,1770,513,109,168,7.281250
46,19,765,447,62,132,2.125000
47,1,238,458,78,151,6.718750
47,2,458,358,32,98,6.281250
47,3,694,375,23,106,1.703125
47,5,473,443,48,160,6.250000
47,7,921,465,37,124,6.750000
47,8,1599,323,47,126,9.000000
47,9,667,50,21,57,8.937500
47,10,762,447,66,132,6.781250
47,11,811,719,118,268,8.562500
47,12,902,407,65,129,7.125000
47,13,1097,288,96,201,6.375000
47,14,821,461,36,96,8.250000
47,15,1766,513,110,168,6.968750
47,19,762,447,64,132,2.265625
48,1,241,459,76,150,6.656250
48,2,458,357,31,100,6.281250
48,3,694,369,25,114,1.820312
48,5,474,443,48,160,6.187500
48,7,919,464,39,125,7.000000
48,8,1598,323,47,125,8.750000
48,9,667,51,21,56,8.875000
48,10,760,448,64,131,6.875000
48,11,811,717,116,269,8.562500
48,12,902,407,62,129,7.093750
48,13,1097,288,96,201,6.406250
48,14,818,461,39,97,8.250000
48,15,1765,513,104,167,7.125000
48,19,760,448,64,131,2.328125
49,1,244,459,74,151,6.531250
49,2,458,358,31,98,6.406250
49,3,694,366,32,117,1.781250
49,5,475,443,48,160,6.343750
49,7,918,464,34,125,7.062500
49,8,1598,323,47,126,8.750000
49,9,666,50,22,57,8.875000
49,10,759,448,58,131,6.812500
49,11,811,716,114,268,8.125000
49,12,902,407,55,129,6.812500
49,13,1097,288,96,202,6.437500
49,14,816,462,41,96,8.000000
49,15,1767,513,92,163,7.062500
49,19,761,447,57,131,2.203125
50,1,248,459,70,152,6.218750
50,2,458,359,31,98,6.125000
50,3,694,368,32,116,1.710938
50,5,476,443,47,160,6.406250
50,7,913,456,36,133,6.812500
50,8,1599,323,45,125,8.812500
50,9,666,49,22,58,8.937500
50,10,755,449,58,129,6.625000
50,11,811,715,109,267,8.125000
50,12,901,406,36,129,6.750000
50,13,1097,288,96,202,6.343750
50,14,815,462,42,96,7.812500
50,15,1767,512,80,164,6.875000
50,19,754,448,59,129,2.218750
51,1,250,460,71,153,6.312500
51,2,458,356,30,101,6.281250
51,3,694,366,37,118,1.687500
51,5,476,443,47,160,6.437500
51,7,910,456,37,133,6.656250
51,8,1599,323,46,126,8.937500
51,9,666,49,22,58,8.875000
51,10,754,446,55,129,6.750000
51,11,811,714,105,265,8.125000
51,12,899,405,37,128,6.375000
51,13,1097,288,96,202,6.468750
51,14,814,464,43,94,7.937500
51,15,1767,509,65,167,7.281250
51,19,753,445,57,130,2.046875
52,1,253,460,68,152,6.625000
52,2,458,356,29,101,6.343750
52,3,694,360,38,124,1.664062
52,5,477,443,47,161,6.500000
52,7,905,461,42,128,6.687500
52,8,1599,323,46,126,9.000000
52,9,666,50,22,57,8.937500
52,10,751,446,53,126,6.687500
52,11,808,714,102,261,8.000000
52,12,897,405,35,127,6.125000
52,13,1097,288,96,202,6.500000
52,14,814,464,43,93,8.125000
52,15,1766,510,55,166,6.625000
52,19,750,444,54,129,2.093750
53,1,255,459,67,154,6.687500
53,2,458,356,29,101,6.281250
53,3,695,365,37,119,1.656250
53,5,478,443,47,161,6.562500
53,7,900,459,47,130,6.593750
53,8,1599,323,46,126,8.812500
53,9,666,50,22,57,8.875000
53,10,749,447,48,124,6.593750
53,11,802,713,102,262,8.250000
53,12,895,404,35,130,6.218750
53,13,1097,288,96,202,6.531250
53,14,814,463,43,94,7.937500
53,15,1761,507,54,169,6.875000
53,19,748,446,49,125,2.015625
54,1,258,459,63,153,6.843750
54,2,458,356,29,101,6.250000
54,3,695,368,37,116,1.554688
54,5,479,444,47,160,6.718750
54,7,896,458,51,131,6.687500
54,8,1599,323,46,126,8.937500
54,9,668,51,19,56,8.750000
54,10,747,449,45,122,6.468750
54,11,797,712,99,263,8.125000
54,12,891,403,37,131,6.156250
54,13,1096,288,97,201,6.718750
54,14,813,462,43,95,7.968750
54,15,1753,507,55,169,6.781250
54,19,747,448,46,123,1.976562
55,1,260,460,61,152,6.781250
55,2,457,356,31,101,6.312500
55,3,695,366,37,118,1.578125
55,5,480,444,46,160,6.687500
55,7,894,457,53,132,6.531250
55,8,1599,323,46,126,9.125000
55,9,667,50,21,58,8.875000
55,10,743,447,45,124,6.531250
55,11,792,711,96,264,8.312500
55,12,889,402,36,133,6.093750
55,13,1097,288,96,202,6.750000
55,14,813,461,41,94,7.718750
55,15,1736,507,66,169,6.968750
55,19,747,446,40,125,1.867188
56,1,262,460,60,153,6.875000
56,2,456,356,29,101,6.250000
56,3,697,368,38,116,1.625000
56,5,481,444,45,160,6.687500
56,7,892,455,55,134,6.468750
56,8,1598,323,47,126,9.000000
56,9,666,50,22,58,8.875000
56,10,741,448,44,123,6.812500
56,11,786,26,162,949,8.500000
56,12,887,403,36,129,6.187500
56,13,1097,288,96,201,6.750000
56,14,812,461,39,95,7.687500
56,15,1716,507,80,169,6.906250
56,19,742,444,42,127,2.046875
57,1,264,460,57,153,6.812500
57,2,456,356,29,101,6.437500
57,3,698,368,41,116,1.648438
57,5,482,444,44,160,6.718750
57,7,892,455,55,134,6.562500
57,8,1598,323,48,126,8.937500
57,9,666,50,22,58,8.875000
57,10,739,449,44,121,6.937500
57,11,777,84,154,891,8.000000
57,12,880,403,40,127,6.312500
57,13,1096,288,97,201,6.687500
57,14,810,461,38,95,7.437500
57,15,1705,506,87,170,7.062500
57,19,741,446,41,125,2.046875
58,1,266,461,58,154,6.593750
58,2,455,356,30,101,6.437500
58,3,700,364,45,119,1.585938
58,5,482,445,44,159,6.656250
58,7,891,455,55,134,6.593750
58,8,1598,323,48,126,9.062500
58,9,666,50,22,58,8.875000
58,10,737,445,44,125,7.093750
58,11,770,709,101,266,7.968750
58,12,873,404,44,125,6.437500
58,13,1097,289,96,200,6.687500
58,14,808,460,37,97,7.281250
58,15,1695,507,96,169,7.343750
58,19,736,444,45,127,2.046875
59,1,268,461,59,157,6.687500
59,2,456,357,28,100,6.500000
59,3,705,365,43,118,1.726562
59,5,483,445,43,159,6.750000
59,7,891,454,54,134,6.468750
59,8,1598,323,47,126,9.062500
59,9,666,49,22,59,8.875000
59,10,735,446,45,124,7.093750
59,11,764,708,105,268,7.968750
59,12,868,404,47,125,6.468750
59,13,1097,288,96,201,6.812500
59,14,805,460,35,97,7.406250
59,15,1688,508,103,168,7.156250
59,19,735,446,45,124,2.156250
60,1,270,462,61,159,6.562500
60,2,456,357,28,100,6.593750
60,3,705,367,42,116,1.742188
60,5,483,445,43,159,6.750000
60,7,886,452,57,136,6.281250
60,8,1598,323,47,126,9.062500
60,9,667,50,20,57,8.937500
60,10,729,446,51,125,7.375000
60,11,760,707,106,268,7.843750
60,12,865,404,47,125,6.437500
60,13,1097,288,96,201,6.906250
60,14,806,460,32,96,7.687500
60,15,1683,507,108,168,7.000000
60,19,729,445,51,126,2.046875
61,1,272,463,64,158,6.437500
61,2,455,357,29,100,6.656250
61,3,708,371,37,112,1.765625
61,5,484,446,42,158,6.562500
61,7,883,452,56,134,6.343750
61,8,1598,323,47,125,9.062500
61,9,668,50,19,57,8.937500
61,10,727,447,52,124,7.250000
61,11,756,707,107,268,7.593750
61,12,863,404,46,125,6.343750
61,13,1097,288,96,201,6.781250
61,14,806,461,28,95,7.468750
61,15,1680,506,109,169,7.062500
61,19,726,447,53,124,1.757812
62,1,275,463,64,158,6.625000
62,2,455,357,29,100,6.750000
62,3,710,371,40,112,1.804688
62,5,485,446,41,158,6.531250
62,7,885,452,49,133,6.437500
62,8,1598,323,47,126,9.125000
62,9,666,49,22,58,9.125000
62,10,725,448,54,123,7.312500
62,11,753,706,109,269,7.875000
62,12,862,404,44,126,6.312500
62,13,1097,288,96,201,6.687500
62,14,804,461,27,96,7.250000
62,15,1679,506,103,167,7.125000
62,19,723,446,56,125,1.570312
63,1,277,464,63,158,6.593750
63,2,454,356,30,101,6.781250
63,3,711,369,41,114,1.929688
63,5,485,446,41,159,6.562500
63,7,882,451,49,133,6.093750
63,8,1598,323,47,126,9.250000
63,9,667,50,20,57,9.187500
63,10,722,450,57,121,7.406250
63,11,750,705,109,270,8.625000
63,12,860,404,44,126,6.093750
63,13,1097,288,96,201,6.812500
63,14,802,462,28,95,7.250000
63,15,1679,505,95,167,7.281250
63,19,722,449,57,122,1.484375
64,1,279,465,64,157,6.562500
64,2,454,356,30,101,6.812500
64,3,714,369,43,115,1.929688
64,5,485,446,41,159,6.593750
64,7,881,451,44,133,6.093750
64,8,1598,323,47,126,9.000000
64,9,667,49,21,58,9.250000
64,10,723,450,55,120,7.593750
64,11,749,705,109,270,8.500000
64,12,861,403,39,127,6.000000
64,13,1097,288,96,201,6.750000
64,14,801,461,28,96,7.437500
64,15,1678,503,84,164,7.468750
64,19,722,449,56,121,1.429688
65,1,281,466,64,157,6.718750
65,2,453,357,31,100,6.906250
65,3,720,369,41,110,1.851562
65,5,485,446,41,159,6.625000
65,7,875,451,43,132,6.218750
65,8,1598,323,47,126,9.187500
65,9,668,50,19,57,9.250000
65,10,723,452,54,117,7.562500
65,11,747,705,107,270,8.812500
65,12,861,402,37,128,6.000000
65,13,1097,288,96,201,6.937500
65,14,800,461,28,96,7.531250
65,15,1677,501,71,164,7.312500
65,19,723,449,54,120,1.445312
66,1,283,467,63,157,6.906250
66,2,454,357,29,100,6.937500
66,3,729,369,36,115,1.750000
66,5,486,446,40,159,6.718750
66,7,872,450,43,133,6.250000
66,8,1598,323,47,126,9.125000
66,9,668,50,19,57,9.312500
66,10,720,453,55,115,6.718750
66,11,746,704,106,271,8.375000
66,12,859,401,37,129,6.031250
66,13,1097,288,96,201,7.000000
66,14,799,462,28,95,7.781250
66,15,1678,500,55,164,7.437500
66,19,721,450,53,118,1.320312
67,1,286,467,62,158,6.937500
67,2,453,356,31,102,7.093750
67,3,730,369,37,117,1.726562
67,5,486,446,40,159,6.687500
67,7,870,449,43,134,6.250000
67,8,1598,323,47,126,9.187500
67,9,667,50,20,57,9.312500
67,10,717,451,55,115,7.093750
67,11,745,702,106,273,8.312500
67,12,855,401,39,129,6.000000
67,13,1097,288,96,201,7.093750
67,14,794,462,33,94,7.843750
67,15,1676,499,51,166,7.093750
67,19,720,449,52,117,1.367188
68,1,289,467,60,158,7.062500
68,2,454,357,29,100,7.187500
68,3,732,368,39,119,1.757812
68,5,487,446,41,159,6.750000
68,7,864,449,47,134,5.906250
68,8,1598,323,47,126,9.125000
68,9,667,50,20,57,9.312500
68,10,715,449,53,116,7.218750
68,11,748,701,102,274,8.562500
68,12,853,400,38,129,6.250000
68,13,1097,289,96,200,6.875000
68,14,792,455,105,101,7.812500
68,15,1670,498,52,168,6.812500
68,19,716,447,52,118,1.382812
69,1,291,467,59,158,7.062500
69,2,454,357,29,100,7.250000
69,3,734,368,39,121,1.742188
69,4,581,544,12,16,0.441406
69,5,487,446,42,159,6.718750
69,7,863,449,47,134,5.875000
69,8,1598,323,47,126,9.187500
69,9,666,49,22,58,9.312500
69,10,712,448,52,117,7.000000
69,11,749,700,101,275,8.062500
69,12,849,399,39,129,6.500000
69,13,1097,289,96,200,6.843750
69,14,788,462,39,95,7.687500
69,15,1661,498,56,165,7.156250
69,19,714,440,50,125,1.515625
70,1,294,468,56,157,6.687500
70,2,453,357,32,101,7.312500
70,3,738,369,39,121,1.710938
70,4,576,496,16,63,2.406250
70,5,488,446,42,159,6.625000
70,7,861,448,48,135,6.125000
70,8,1598,323,47,126,9.187500
70,9,668,50,19,57,9.250000
70,10,710,440,48,125,6.750000
70,11,750,698,99,277,7.656250
70,12,848,399,37,131,6.375000
70,13,1097,289,96,200,6.687500
70,14,789,463,37,94,7.750000
70,15,1641,498,69,165,7.000000
70,19,710,439,47,126,1.515625
71,1,296,468,56,157,6.656250
71,2,454,357,29,100,7.343750
71,3,740,370,44,121,1.742188
71,4,571,480,21,77,2.812500
71,5,489,447,45,158,6.687500
71,7,855,449,53,134,6.156250
71,8,1598,323,47,126,9.062500
71,9,666,49,22,58,9.250000
71,10,708,440,43,125,6.562500
71,11,754,696,94,279,8.000000
71,12,846,399,36,130,6.218750
71,13,1097,288,96,201,6.437500
71,14,787,463,40,94,7.781250
71,15,1625,499,79,165,7.250000
71,19,710,439,42,127,1.500000
72,1,298,468,57,157,6.625000
72,2,454,357,29,100,7.281250
72,3,742,370,43,123,1.812500
72,4,569,466,22,91,3.562500
72,5,489,447,49,158,6.937500
72,7,850,450,58,133,6.062500
72,8,1598,323,47,126,9.000000
72,9,667,50,20,57,9.312500
72,10,706,439,44,127,6.656250
72,11,758,72,186,902,8.500000
72,12,840,399,39,132,6.250000
72,13,1097,289,96,201,6.375000
72,14,787,463,39,93,7.906250
72,15,1614,500,90,163,7.218750
72,19,709,438,42,128,1.570312
73,1,300,468,59,157,6.562500
73,2,453,357,31,101,7.531250
73,3,745,371,52,122,1.734375
73,4,570,460,21,96,4.062500
73,5,490,447,50,158,7.062500
73,7,847,450,61,133,6.437500
73,8,1598,323,47,126,8.937500
73,9,666,49,22,58,9.375000
73,10,703,440,47,126,6.906250
73,11,762,84,169,888,8.375000
73,12,835,399,41,131,6.093750
73,13,1097,289,96,200,6.500000
73,14,787,462,38,94,7.906250
73,15,1606,500,98,163,7.281250
73,19,709,439,44,126,1.421875
74,1,303,468,58,157,6.625000
74,2,454,358,29,100,7.500000
74,3,746,372,54,120,1.804688
74,4,570,458,20,99,4.531250
74,5,490,447,51,158,7.156250
74,7,847,450,61,133,6.406250
74,8,1598,323,47,126,8.875000
74,9,668,50,19,57,9.312500
74,10,702,438,46,127,6.875000
74,11,764,691,75,278,8.500000
74,12,827,400,46,128,5.718750
74,13,1097,289,96,201,6.468750
74,14,787,464,37,92,7.656250
74,15,1601,499,102,163,7.062500
74,19,703,437,49,128,1.382812
75,1,306,469,60,156,6.718750
75,2,453,357,32,101,7.562500
75,3,741,376,60,111,1.757812
75,4,569,453,20,103,4.906250
75,5,491,447,50,158,7.156250
75,7,847,450,61,133,6.625000
75,8,1598,323,47,126,9.000000
75,9,668,50,19,57,9.437500
75,10,701,436,43,129,7.156250
75,11,765,690,70,276,8.375000
75,12,821,400,51,125,6.125000
75,13,1097,289,96,200,6.468750
75,14,786,462,37,93,7.437500
75,15,1597,500,104,162,7.625000
75,19,701,436,51,129,1.351562
76,1,307,469,68,156,6.750000
76,2,453,357,32,101,7.375000
76,3,746,374,56,113,1.765625
76,4,569,437,20,119,5.343750
76,5,491,447,50,158,7.218750
76,7,847,450,61,132,6.593750
76,8,1598,323,47,126,8.937500
76,9,667,49,21,58,9.312500
76,10,700,435,44,130,7.187500
76,11,766,689,65,271,8.562500
76,12,818,400,54,123,6.312500
76,13,1097,289,96,200,6.468750
76,14,786,463,33,91,7.343750
76,15,1595,499,101,162,7.281250
76,19,699,435,55,130,1.382812
77,1,310,470,72,155,6.750000
77,2,453,357,32,101,7.375000
77,3,747,374,59,113,1.765625
77,4,566,432,23,123,5.187500
77,5,491,447,50,158,7.375000
77,7,847,451,60,130,6.750000
77,8,1598,323,47,126,9.062500
77,9,668,50,19,57,9.250000
77,10,699,436,46,129,7.093750
77,11,761,687,68,270,8.500000
77,12,815,400,56,122,6.156250
77,13,1097,289,96,200,6.437500
77,14,786,464,30,89,7.281250
77,15,1596,498,92,161,7.375000
77,19,699,435,54,131,1.468750
78,1,314,470,73,155,6.562500
78,2,453,358,32,100,7.312500
78,3,751,376,55,108,1.687500
78,4,564,432,26,124,5.156250
78,5,491,446,50,159,7.218750
78,7,847,450,59,130,6.687500
78,8,1599,323,46,126,9.000000
78,9,668,50,19,57,9.250000
78,10,699,437,45,129,6.656250
78,11,757,687,70,267,8.250000
78,12,814,400,54,123,6.406250
78,13,1097,289,96,200,6.531250
78,14,786,461,27,93,7.625000
78,15,1595,496,83,161,7.562500
78,19,700,436,53,129,1.531250
79,1,315,471,75,154,6.406250
79,2,454,358,30,100,7.406250
79,3,757,377,49,109,1.710938
79,4,562,431,28,124,5.187500
79,5,492,446,49,159,7.437500
79,7,843,451,62,128,6.562500
79,8,1598,323,47,126,9.062500
79,9,667,49,20,58,9.312500
79,10,699,438,45,128,6.625000
79,11,755,686,71,268,8.250000
79,12,814,401,54,122,6.468750
79,13,1097,289,95,200,6.468750
79,14,784,460,28,94,7.531250
79,15,1595,496,78,161,7.531250
79,19,700,437,51,128,1.632812
80,1,318,472,75,153,6.468750
80,2,453,357,32,101,7.437500
80,3,759,376,48,110,1.656250
80,4,560,431,30,125,5.281250
80,5,492,446,49,159,7.531250
80,7,843,450,60,127,6.343750
80,8,1598,323,47,126,9.000000
80,9,667,49,20,58,9.250000
80,10,698,439,48,126,6.656250
80,11,751,685,74,267,8.250000
80,12,813,401,55,123,6.125000
80,13,1097,289,96,201,6.281250
80,14,784,460,24,93,7.468750
80,15,1596,495,63,162,7.656250
80,19,699,438,52,127,1.531250
81,1,321,472,74,154,6.187500
81,2,453,358,32,100,7.500000
81,3,763,378,46,105,1.523438
81,4,557,430,33,126,5.406250
81,5,493,446,47,159,7.375000
81,7,841,450,59,127,6.375000
81,8,1598,323,47,126,9.187500
81,9,668,50,19,57,9.187500
81,10,698,440,47,125,6.531250
81,11,749,685,74,264,8.562500
81,12,812,400,53,124,6.125000
81,13,1097,289,97,201,6.437500
81,14,783,461,23,93,7.500000
81,15,1596,494,49,163,7.375000
81,19,699,439,49,125,1.343750
82,1,324,472,72,156,6.062500
82,2,453,358,31,100,7.468750
82,3,768,380,41,89,1.500000
82,4,554,430,35,125,5.500000
82,5,494,446,46,159,7.250000
82,7,845,453,52,124,6.406250
82,8,1599,323,46,126,9.062500
82,9,668,49,20,58,9.187500
82,10,697,440,45,124,6.250000
82,11,747,684,74,262,8.437500
82,12,812,399,46,125,5.812500
82,13,1097,289,96,201,6.468750
82,14,782,461,23,93,7.562500
82,15,1592,493,47,164,7.375000
82,19,697,439,48,124,1.281250
83,0,0,465,5,11,0.589844
83,1,328,472,69,156,5.937500
83,2,454,358,30,100,7.562500
83,3,773,381,38,86,1.539062
83,4,552,430,40,126,5.687500
83,5,494,446,47,159,7.312500
83,7,845,455,48,122,6.562500
83,8,1599,323,46,126,9.250000
83,9,667,49,21,58,9.312500
83,10,696,439,44,124,6.312500
83,11,743,26,214,915,8.437500
83,12,813,397,43,127,5.781250
83,13,1098,289,95,200,6.406250
83,14,778,461,26,93,7.656250
83,15,1584,493,50,164,7.375000
83,16,0,462,5,14,1.523438
83,19,696,438,48,125,1.234375
84,0,0,455,6,21,0.835938
84,1,330,472,67,156,5.906250
84,2,454,358,29,100,7.562500
84,3,775,374,36,88,1.609375
84,4,550,430,42,125,5.937500
84,5,494,446,46,159,7.312500
84,7,842,456,46,121,6.531250
84,8,1599,322,46,127,9.125000
84,9,668,50,19,57,9.187500
84,10,696,438,42,123,6.218750
84,11,733,83,199,858,7.937500
84,12,810,397,41,126,5.843750
84,13,1097,289,96,201,6.281250
84,14,773,461,31,92,7.375000
84,15,1573,493,55,164,7.531250
84,16,0,409,6,67,2.015625
84,19,696,436,42,125,1.109375
85,0,0,451,9,26,1.445312
85,1,333,472,64,156,5.843750
85,2,453,358,31,100,7.531250
85,3,778,381,34,80,1.500000
85,4,548,430,43,125,6.187500
85,5,495,446,46,159,7.437500
85,7,842,461,41,115,6.500000
85,8,1599,323,46,126,9.250000
85,9,668,50,19,57,9.250000
85,10,696,437,38,122,6.093750
85,11,725,682,91,259,7.968750
85,12,809,398,42,125,5.968750
85,13,1097,289,96,201,6.375000
85,14,766,461,37,93,7.343750
85,15,1554,494,69,163,7.593750
85,16,0,410,9,67,3.187500
85,19,696,436,37,123,1.179688
86,0,0,450,11,27,1.640625
86,1,335,471,62,157,5.750000
86,2,453,358,31,100,7.500000
86,3,782,380,32,81,1.500000
86,4,546,430,45,125,6.000000
86,5,495,446,45,159,7.375000
86,7,837,456,40,120,6.343750
86,8,1599,323,47,126,9.250000
86,9,668,50,19,57,9.312500
86,10,697,439,29,119,5.625000
86,11,720,682,94,259,8.125000
86,12,807,398,44,125,6.250000
86,13,1097,289,96,201,6.500000
86,14,763,459,41,94,7.250000
86,15,1538,494,85,163,7.843750
86,16,0,409,11,69,3.296875
86,19,696,436,31,122,1.359375
87,0,0,401,12,78,1.953125
87,1,338,471,59,157,5.843750
87,2,454,358,29,100,7.281250
87,3,785,385,30,79,1.484375
87,4,544,430,46,125,6.218750
87,5,495,445,46,160,7.250000
87,7,839,454,35,122,6.187500
87,8,1599,323,47,126,9.187500
87,9,668,50,19,57,9.250000
87,10,697,438,25,119,5.281250
87,11,715,682,99,259,7.875000
87,12,804,397,42,126,5.781250
87,13,1097,289,96,201,6.500000
87,14,760,461,43,91,7.187500
87,15,1529,494,94,163,7.875000
87,16,0,394,12,84,3.578125
87,19,696,435,25,123,1.398438
88,0,0,400,12,79,1.968750
88,1,341,471,56,157,5.937500
88,2,454,358,29,100,7.500000
88,3,788,385,37,79,1.515625
88,4,542,429,48,126,6.250000
88,5,495,445,45,160,7.343750
88,7,837,452,35,124,6.187500
88,8,1599,322,46,127,9.250000
88,9,668,50,19,57,9.250000
88,10,696,436,22,122,5.343750
88,11,713,682,100,259,7.906250
88,12,805,398,42,125,5.812500
88,13,1097,289,96,201,6.468750
88,14,758,459,45,94,7.062500
88,15,1525,494,97,162,7.906250
88,16,0,394,12,85,3.562500
88,19,696,434,22,124,1.492188
89,0,0,393,12,87,2.046875
89,1,343,471,55,157,5.875000
89,2,454,358,29,99,7.375000
89,3,794,382,32,134,1.468750
89,4,540,429,50,126,6.281250
89,5,495,445,46,160,7.562500
89,7,835,455,37,121,6.187500
89,8,1599,322,46,127,9.187500
89,9,667,50,20,57,9.312500
89,10,697,438,20,118,5.125000
89,11,713,682,100,259,7.687500
89,12,802,395,44,128,5.531250
89,13,1097,289,96,201,6.593750
89,14,758,458,45,95,6.875000
89,15,1521,494,100,162,7.500000
89,16,0,394,11,85,4.062500
89,19,696,434,21,124,1.546875
90,0,0,392,12,88,2.062500
90,1,345,471,56,158,5.718750
90,2,454,358,29,99,7.468750
90,3,798,383,29,137,1.273438
90,4,539,429,50,126,6.500000
90,5,496,445,45,159,7.375000
90,7,834,456,36,120,6.343750
90,8,1598,323,47,126,9.000000
90,9,668,50,19,57,9.250000
90,10,696,441,18,117,4.687500
90,11,712,53,222,888,8.000000
90,12,802,395,42,128,5.312500
90,13,1097,288,96,202,6.468750
90,14,758,458,44,95,6.906250
90,15,1519,492,99,164,7.625000
90,16,0,394,11,85,4.906250
90,19,697,435,17,123,1.578125
91,0,0,391,12,89,1.843750
91,1,348,472,56,161,5.437500
91,2,454,358,30,99,7.375000
91,3,796,387,30,69,1.343750
91,4,536,428,51,126,6.375000
91,5,495,445,46,160,7.281250
91,7,827,459,41,117,6.187500
91,8,1599,323,46,126,9.125000
91,9,668,50,19,57,9.187500
91,10,697,443,14,114,4.000000
91,11,711,682,103,258,7.218750
91,12,799,398,37,124,5.343750
91,13,1097,288,96,202,6.093750
91,14,758,459,44,93,6.468750
91,15,1519,491,94,162,7.625000
91,16,0,395,11,84,5.375000
91,19,698,442,14,116,1.671875
92,0,0,392,11,87,1.812500
92,1,350,472,58,163,5.781250
92,2,454,358,29,99,7.531250
92,3,795,387,36,56,1.390625
92,4,535,426,51,127,6.500000
92,5,496,445,45,160,7.437500
92,7,824,457,44,119,6.343750
92,8,1599,323,47,126,9.187500
92,9,668,49,20,58,9.187500
92,10,697,446,14,111,3.562500
92,11,711,681,103,258,7.500000
92,12,798,390,37,132,5.656250
92,13,1098,288,96,202,6.406250
92,14,758,459,45,94,6.906250
92,15,1520,491,83,161,7.781250
92,16,0,392,11,87,5.812500
92,19,698,444,15,114,1.835938
93,0,0,391,11,88,1.773438
93,1,354,472,58,164,5.843750
93,2,454,358,29,99,7.593750
93,3,792,383,43,140,1.335938
93,4,535,426,49,127,6.437500
93,5,496,445,45,159,7.593750
93,7,821,455,47,121,6.562500
93,8,1599,323,46,126,9.187500
93,9,668,50,20,57,9.250000
93,10,697,449,14,108,3.031250
93,11,710,680,103,257,7.718750
93,12,791,398,40,124,5.562500
93,13,1098,288,96,202,6.406250
93,14,757,459,45,94,6.406250
93,15,1520,490,72,156,7.843750
93,16,0,391,11,88,1.000000
93,19,698,449,15,109,1.960938
94,0,0,390,12,89,1.773438
94,1,356,473,59,163,5.875000
94,2,455,358,28,99,7.437500
94,3,787,381,52,141,1.320312
94,4,531,425,52,127,6.218750
94,5,496,445,45,159,7.531250
94,7,819,454,50,122,6.593750
94,8,1599,322,46,127,9.250000
94,9,669,51,19,56,9.187500
94,10,696,449,16,109,1.976562
94,11,710,678,102,257,7.750000
94,12,787,403,45,119,5.718750
94,13,1098,288,96,202,6.312500
94,14,757,459,41,94,6.250000
94,15,1519,488,61,157,7.750000
94,16,0,391,11,88,4.468750
94,19,696,447,16,110,1.218750
95,0,0,390,12,89,1.828125
95,1,359,473,62,163,5.656250
95,2,455,358,28,99,7.531250
95,3,812,379,32,71,1.406250
95,4,531,424,51,125,6.343750
95,5,496,445,45,159,7.406250
95,7,817,455,51,121,6.625000
95,8,1599,322,46,127,9.187500
95,9,669,52,19,55,9.187500
95,10,701,481,11,77,0.898438
95,11,710,677,101,254,7.500000
95,12,785,402,42,120,6.187500
95,13,1098,288,96,202,6.281250
95,14,756,460,36,93,6.187500
95,15,1519,487,46,157,7.875000
95,16,0,391,12,88,4.312500
96,0,0,389,13,90,1.796875
96,1,361,474,65,161,5.781250
96,2,455,358,28,99,7.531250
96,3,815,378,33,73,1.523438
96,4,531,423,50,121,6.093750
96,5,497,445,44,159,7.312500
96,7,816,451,52,125,6.750000
96,8,1599,322,46,127,9.250000
96,9,669,51,19,56,9.125000
96,10,702,517,10,41,0.582031
96,11,710,676,98,252,7.406250
96,12,784,398,40,123,6.312500
96,13,1098,288,96,201,6.468750
96,14,753,459,35,94,6.156250
96,15,1515,486,45,160,7.031250
96,16,0,390,12,89,4.375000
97,0,0,389,14,91,1.828125
97,1,364,475,65,161,5.906250
97,2,455,357,28,100,7.593750
97,3,816,379,36,80,1.804688
97,4,529,421,51,122,6.031250
97,5,497,445,44,159,7.531250
97,7,815,452,54,124,6.656250
97,8,1600,323,46,126,9.187500
97,9,667,50,22,57,9.312500
97,11,708,675,99,252,7.500000
97,12,784,399,39,122,6.718750
97,13,1097,288,97,201,6.375000
97,14,747,460,37,93,6.062500
97,15,1510,485,44,160,6.968750
97,16,0,389,14,91,4.562500
98,0,0,389,14,93,1.867188
98,1,366,475,66,162,6.187500
98,2,455,357,29,100,7.593750
98,3,818,379,42,87,2.109375
98,4,530,420,49,122,5.968750
98,5,497,445,44,159,7.562500
98,7,813,451,55,124,6.843750
98,8,1600,323,46,126,8.812500
98,9,668,50,20,57,9.250000
98,11,703,674,101,249,7.500000
98,12,783,398,36,123,6.687500
98,13,1097,288,97,201,6.437500
98,14,742,460,39,93,6.125000
98,15,1495,484,55,160,6.843750
98,16,0,388,15,94,5.093750
99,0,0,387,15,97,1.953125
99,1,369,476,64,161,6.062500
99,2,455,357,29,100,7.562500
99,3,816,380,50,102,2.406250
99,4,530,420,47,122,5.968750
99,5,498,445,43,159,7.531250
99,7,810,452,56,122,6.875000
99,8,1600,322,46,126,8.937500
99,9,667,50,22,57,9.250000
99,11,696,673,104,249,7.406250
99,12,777,397,40,123,6.625000
99,13,1097,288,97,201,6.250000
99,14,740,460,36,93,5.875000
99,15,1479,485,66,159,6.875000
99,16,0,386,15,98,5.281250
100,0,0,384,16,100,1.968750
100,1,371,476,64,162,6.218750
100,2,455,357,29,100,7.718750
100,3,824,380,48,128,2.500000
100,4,528,419,48,123,5.906250
100,5,498,445,43,159,7.500000
100,7,812,453,50,120,6.687500
100,8,1599,322,46,127,9.000000
100,9,668,51,20,56,9.000000
100,11,690,672,107,246,7.500000
100,12,775,392,40,122,6.625000
100,13,1097,288,97,202,6.437500
100,14,739,459,36,94,6.062500
100,15,1466,486,79,158,7.125000
100,16,0,384,16,100,5.406250
101,0,0,384,17,101,2.078125
101,1,373,476,62,162,6.500000
101,2,455,357,29,100,7.687500
101,3,824,383,56,126,2.546875
101,4,529,418,47,124,6.031250
101,5,498,445,43,159,7.500000
101,7,812,454,45,117,6.875000
101,8,1600,322,46,126,9.125000
101,9,667,50,22,57,9.062500
101,11,685,671,106,246,7.687500
101,12,774,392,39,122,6.656250
101,13,1097,288,97,201,6.531250
101,14,737,459,38,94,6.156250
101,15,1454,486,91,158,7.437500
101,16,0,383,17,102,5.593750
102,0,0,383,17,103,2.093750
102,1,378,476,56,162,6.437500
102,2,455,357,29,100,7.718750
102,3,823,383,62,127,2.562500
102,4,528,418,47,124,6.156250
102,5,498,445,43,159,7.562500
102,7,811,454,42,116,6.875000
102,8,1600,322,46,126,9.125000
102,9,669,52,19,55,9.062500
102,11,681,670,104,247,7.500000
102,12,772,391,39,123,6.750000
102,13,1097,288,97,201,6.531250
102,14,738,461,37,91,6.218750
102,15,1449,485,95,158,7.750000
102,16,0,383,17,103,5.656250
103,0,0,383,18,103,2.203125
103,1,381,476,53,162,6.218750
103,2,455,357,29,100,7.531250
103,3,826,383,62,127,2.593750
103,4,525,418,49,124,6.000000
103,5,497,445,44,159,7.718750
103,7,809,451,39,119,6.687500
103,8,1600,322,46,126,8.937500
103,9,669,52,19,55,9.062500
103,11,670,669,109,248,7.375000
103,12,773,391,35,123,6.625000
103,13,1098,288,96,201,6.375000
103,14,736,460,38,92,6.187500
103,15,1445,485,98,158,7.500000
103,16,0,382,18,104,5.843750
104,0,0,383,18,103,2.265625
104,1,383,476,54,162,6.218750
104,2,456,357,28,100,7.593750
104,3,824,383,66,129,2.562500
104,4,525,417,47,124,5.937500
104,5,496,445,45,159,7.343750
104,7,806,455,37,114,6.593750
104,8,1600,322,46,126,9.000000
104,9,670,52,18,55,9.000000
104,11,672,668,101,249,7.281250
104,12,770,390,36,123,6.406250
104,13,1097,287,97,202,6.281250
104,14,735,460,39,92,6.437500
104,15,1442,485,98,157,7.531250
104,16,0,383,18,103,5.843750
105,0,0,383,19,111,2.562500
105,1,387,476,54,162,6.218750
105,2,456,356,29,101,7.656250
105,3,829,384,63,129,2.625000
105,4,527,417,44,124,6.062500
105,5,496,444,46,160,7.468750
105,7,805,454,37,114,6.875000
105,8,1599,322,47,126,8.937500
105,9,671,52,17,55,9.000000
105,11,661,667,105,250,7.250000
105,12,769,391,35,126,6.375000
105,13,1098,287,96,201,6.406250
105,14,733,459,41,92,6.437500
105,15,1441,484,93,156,7.406250
105,16,0,383,18,101,5.687500
105,17,0,484,7,55,3.578125
106,0,0,383,19,101,2.531250
106,1,389,475,57,163,6.125000
106,2,456,356,29,100,7.531250
106,3,833,385,61,128,2.718750
106,4,526,417,43,124,6.000000
106,5,495,445,46,160,7.437500
106,7,803,456,38,113,6.875000
106,8,1600,322,45,126,8.875000
106,9,671,51,17,56,8.937500
106,11,656,666,108,251,7.250000
106,12,768,391,34,125,6.531250
106,13,1098,287,97,201,6.375000
106,14,732,459,42,92,6.218750
106,15,1441,484,85,155,7.062500
106,16,0,383,19,101,5.531250
106,17,0,444,17,97,5.031250
107,0,0,383,20,62,2.375000
107,1,392,476,57,161,5.937500
107,2,456,356,29,100,7.312500
107,3,835,384,61,129,2.703125
107,4,525,418,42,123,5.625000
107,5,494,446,47,159,7.031250
107,7,801,456,37,113,6.343750
107,8,1600,322,46,125,8.812500
107,9,671,51,17,56,8.875000
107,11,653,665,110,252,7.031250
107,12,768,390,32,124,6.187500
107,13,1098,287,97,201,6.218750
107,14,730,458,43,93,5.843750
107,15,1442,482,72,157,6.593750
107,16,0,383,20,60,5.343750
107,17,0,435,25,128,1.000000
108,0,0,382,21,67,2.375000
108,1,396,476,56,161,5.875000
108,2,456,356,29,100,7.375000
108,3,841,384,56,129,2.718750
108,4,516,418,50,122,5.500000
108,5,493,446,48,160,6.750000
108,7,797,455,40,113,6.375000
108,8,1599,322,47,126,8.500000
108,9,671,50,17,56,8.937500
108,11,654,664,107,252,7.062500
108,12,759,386,39,128,5.687500
108,13,1098,287,97,201,5.937500
108,14,729,460,43,90,5.687500
108,15,1442,481,61,157,6.250000
108,16,0,382,20,67,5.718750
108,17,0,437,34,128,6.062500
109,0,0,382,21,71,2.390625
109,1,398,477,64,161,6.000000
109,2,456,356,29,100,7.437500
109,3,845,383,52,129,2.750000
109,4,514,417,50,123,5.593750
109,5,493,444,48,162,6.968750
109,7,789,450,47,118,6.281250
109,8,1600,322,47,125,8.437500
109,9,671,50,17,56,8.875000
109,11,652,663,107,253,7.375000
109,12,757,386,38,127,5.906250
109,13,1097,287,97,201,6.218750
109,14,726,457,43,93,5.625000
109,15,1443,480,42,158,5.843750
109,16,0,382,21,71,6.281250
109,17,0,436,49,130,5.718750
110,0,0,381,22,83,2.562500
110,1,401,477,70,161,6.312500
110,2,456,356,29,100,7.593750
110,3,851,383,46,129,2.796875
110,4,513,417,49,122,5.843750
110,5,493,443,48,164,7.375000
110,7,783,446,52,122,6.625000
110,8,1600,322,47,125,8.437500
110,9,671,50,17,56,8.875000
110,11,652,663,105,253,7.593750
110,12,755,385,39,128,6.500000
110,13,1097,287,97,201,6.250000
110,14,734,457,32,91,5.562500
110,15,1441,479,39,159,6.343750
110,16,0,382,21,82,6.250000
110,17,0,436,64,133,5.812500
111,0,0,382,23,95,2.546875
111,1,404,478,73,160,6.218750
111,2,456,356,29,100,7.531250
111,3,855,382,41,130,2.750000
111,4,511,416,49,123,5.781250
111,5,492,442,49,166,7.593750
111,7,779,445,53,123,7.031250
111,8,1600,322,46,125,8.500000
111,9,671,50,17,56,8.750000
111,11,651,662,103,253,7.562500
111,12,754,388,40,124,5.843750
111,13,1097,286,97,202,6.187500
111,14,733,457,29,90,5.562500
111,15,1432,478,42,160,6.218750
111,16,0,382,21,94,6.437500
111,17,0,438,71,134,5.625000
112,0,0,382,23,102,2.843750
112,1,407,479,76,159,5.968750
112,2,456,356,29,100,7.468750
112,3,862,384,37,129,2.843750
112,4,507,415,53,122,5.687500
112,5,491,452,50,157,7.500000
112,7,776,446,56,122,6.781250
112,8,1600,322,46,125,8.625000
112,9,671,50,17,56,8.750000
112,11,651,661,100,254,7.468750
112,12,753,388,40,124,6.062500
112,13,1097,286,97,202,6.093750
112,14,732,454,29,92,5.718750
112,15,1425,478,45,159,6.406250
112,16,0,382,22,103,6.812500
112,17,0,443,74,131,5.406250
113,0,0,382,27,103,2.828125
113,1,411,479,73,159,5.812500
113,2,456,356,29,100,7.468750
113,3,866,384,39,128,2.609375
113,4,505,414,52,120,5.531250
113,5,490,450,51,158,7.156250
113,7,775,441,56,127,7.156250
113,8,1600,322,46,126,8.500000
113,9,671,50,17,56,8.687500
113,11,653,660,97,255,7.625000
113,12,751,390,41,120,5.906250
113,13,1097,287,97,201,5.843750
113,14,723,455,33,91,5.468750
113,15,1405,478,61,160,6.625000
113,16,0,382,26,102,6.750000
113,17,5,443,69,130,5.593750
114,0,0,382,28,105,3.000000
114,1,414,479,71,159,5.937500
114,2,457,356,28,100,7.593750
114,3,867,385,47,127,2.593750
114,4,503,413,52,119,5.593750
114,5,489,451,52,158,7.312500
114,7,775,440,56,128,7.375000
114,8,1600,322,46,126,8.562500
114,9,671,49,17,57,8.812500
114,11,656,659,94,256,7.500000
114,12,748,389,42,120,5.687500
114,13,1097,286,97,202,6.031250
114,14,730,455,24,89,5.625000
114,15,1392,478,74,160,7.031250
114,16,0,382,27,105,6.843750
114,17,21,446,61,128,5.843750
115,0,0,383,30,104,3.140625
115,1,417,479,69,159,5.843750
115,2,457,356,28,100,7.562500
115,3,868,387,51,125,2.546875
115,4,502,413,52,115,5.750000
115,5,488,451,53,158,7.218750
115,7,776,441,55,127,7.187500
115,8,1600,322,46,126,8.562500
115,9,671,50,17,56,8.687500
115,11,658,657,92,258,7.468750
115,12,746,387,38,118,5.843750
115,13,1097,286,97,202,6.062500
115,14,720,455,32,91,5.843750
115,15,1382,479,84,159,7.093750
115,16,0,383,28,104,7.062500
115,17,31,445,61,129,6.000000
116,0,0,384,30,105,3.265625
116,1,418,479,71,159,5.843750
116,2,457,356,29,100,7.312500
116,3,868,387,55,127,2.578125
116,4,500,412,53,116,5.750000
116,5,487,453,54,157,7.718750
116,7,776,440,55,128,7.031250
116,8,1600,322,46,126,8.562500
116,9,671,50,17,56,8.750000
116,11,662,656,87,259,7.218750
116,12,746,388,34,117,5.812500
116,13,1097,286,97,202,6.031250
116,14,726,456,25,90,6.031250
116,15,1376,479,89,160,6.875000
116,16,0,384,29,104,6.937500
116,17,42,443,58,131,5.906250
117,0,0,385,31,105,3.343750
117,1,421,479,69,160,6.000000
117,2,457,356,28,100,7.406250
117,3,868,388,57,128,2.500000
117,4,499,411,53,117,5.968750
117,5,485,452,56,158,7.437500
117,7,776,440,55,126,7.281250
117,8,1600,322,46,126,8.625000
117,9,671,49,17,57,8.750000
117,11,667,654,80,260,7.218750
117,12,745,389,32,116,5.562500
117,13,1098,286,96,202,6.281250
117,14,724,456,27,90,6.218750
117,15,1373,479,91,159,6.906250
117,16,0,385,31,105,6.781250
117,17,50,439,58,135,6.031250
118,0,0,386,31,105,3.562500
118,1,423,478,66,161,6.250000
118,2,456,356,29,100,7.531250
118,3,869,388,57,128,2.640625
118,4,497,411,55,119,5.906250
118,5,483,454,58,156,7.937500
118,7,775,439,55,126,7.125000
118,8,1600,322,46,126,8.562500
118,9,671,50,17,56,8.812500
118,11,668,653,79,260,7.125000
118,12,743,388,31,117,5.593750
118,13,1097,286,97,202,6.250000
118,14,718,455,33,89,6.406250
118,15,1371,478,90,160,6.843750
118,16,0,386,31,105,6.781250
118,17,63,439,54,134,6.093750
119,0,0,386,31,106,3.656250
119,1,428,478,61,161,6.437500
119,2,457,355,29,101,7.531250
119,3,871,388,56,128,2.640625
119,4,496,411,55,119,6.000000
119,5,482,454,59,155,7.750000
119,7,775,440,52,123,6.968750
119,8,1600,322,46,126,8.750000
119,9,671,49,17,57,8.875000
119,11,671,651,73,261,7.031250
119,12,740,390,33,115,5.718750
119,13,1098,286,96,202,6.375000
119,14,714,454,37,91,6.468750
119,15,1371,477,87,159,6.718750
119,16,0,386,31,106,6.687500
119,17,69,439,65,133,6.031250
120,0,0,386,31,106,3.765625
120,1,431,478,58,161,6.468750
120,2,457,355,29,101,7.562500
120,3,875,388,54,129,2.531250
120,4,495,411,54,119,6.000000
120,5,480,451,61,159,7.500000
120,7,775,438,51,125,7.000000
120,8,1600,322,46,126,8.812500
120,9,671,49,17,57,8.812500
120,11,671,649,70,261,7.343750
120,12,737,386,36,120,5.406250
120,13,1097,286,97,201,6.312500
120,14,711,455,40,89,6.562500
120,15,1372,475,76,159,6.718750
120,16,0,386,31,106,6.781250
120,17,75,440,73,131,6.000000
121,0,0,387,31,105,3.875000
121,1,434,479,55,160,6.406250
121,2,457,356,29,100,7.687500
121,3,881,388,48,129,2.531250
121,4,494,411,53,119,6.187500
121,5,478,451,63,159,7.781250
121,7,771,440,51,123,7.000000
121,8,1600,322,46,125,8.812500
121,9,671,49,17,56,8.687500
121,11,672,648,66,260,7.406250
121,12,735,385,38,120,5.562500
121,13,1097,286,97,201,6.312500
121,14,710,455,41,89,6.625000
121,15,1371,475,68,153,6.781250
121,16,0,386,31,106,6.843750
121,17,83,443,74,131,6.218750
121,18,0,496,4,6,0.015564
122,0,0,387,31,105,3.890625
122,1,437,479,53,160,6.125000
122,2,457,355,29,101,7.593750
122,3,889,387,42,130,2.515625
122,4,493,411,54,119,6.218750
122,5,477,449,64,160,7.687500
122,7,772,438,47,125,6.968750
122,8,1599,322,46,126,8.687500
122,9,671,49,17,56,8.812500
122,11,672,647,63,255,7.343750
122,12,732,385,40,121,5.500000
122,13,1097,286,97,201,6.156250
122,14,708,453,44,91,6.500000
122,15,1371,473,57,153,6.312500
122,16,0,386,31,106,6.656250
122,17,95,440,69,136,6.093750
122,18,0,494,4,8,0.382812
123,0,0,386,31,106,3.812500
123,1,439,479,51,163,6.031250
123,2,457,355,29,100,7.593750
123,3,896,387,38,130,2.484375
123,4,493,411,52,117,6.218750
123,5,477,450,64,159,7.343750
123,7,772,440,43,123,6.875000
123,8,1599,322,47,126,8.875000
123,9,671,49,17,56,8.750000
123,11,668,645,64,254,7.281250
123,12,732,386,38,120,5.406250
123,13,1097,286,97,201,6.156250
123,14,709,452,42,92,6.656250
123,15,1370,472,46,155,6.437500
123,16,0,386,31,106,6.500000
123,17,110,442,53,134,6.218750
123,18,0,493,4,14,0.597656
124,0,0,386,32,106,3.921875
124,1,442,480,47,164,6.062500
124,2,457,355,29,100,7.437500
124,3,900,387,37,131,2.531250
124,4,492,411,52,118,6.218750
124,5,475,451,66,158,7.218750
124,7,769,438,41,125,6.875000
124,8,1599,322,47,125,8.875000
124,9,671,49,17,56,8.687500
124,11,667,644,63,251,7.312500
124,12,728,386,39,119,5.218750
124,13,1098,286,96,201,6.125000
124,14,708,452,43,92,6.625000
124,15,1367,471,38,154,6.156250
124,16,0,385,32,107,6.562500
124,17,127,448,44,127,6.250000
124,18,0,494,4,23,1.125000
125,0,0,385,33,107,3.921875
125,1,443,480,50,166,5.906250
125,2,457,355,29,100,7.406250
125,3,899,387,40,132,2.531250
125,4,489,411,53,116,6.031250
125,5,475,448,66,161,7.187500
125,7,766,436,40,127,6.625000
125,8,1599,322,46,126,9.062500
125,9,671,49,17,56,8.750000
125,11,663,643,66,253,7.187500
125,12,726,386,38,119,5.437500
125,13,1098,286,96,201,6.156250
125,14,707,451,44,92,6.468750
125,15,1361,469,38,158,6.000000
125,16,0,385,33,107,6.437500
125,17,139,441,44,134,6.000000
125,18,0,494,4,45,2.250000
126,0,0,385,33,107,3.921875
126,1,447,481,56,166,6.125000
126,2,457,355,29,100,7.343750
126,3,899,387,46,135,2.546875
126,4,487,410,54,117,5.875000
126,5,474,448,67,160,6.906250
126,7,765,435,39,127,6.812500
126,8,1599,322,46,125,9.000000
126,9,671,50,17,55,8.750000
126,11,661,642,67,252,6.781250
126,12,724,385,40,121,5.625000
126,13,1098,286,96,201,5.906250
126,14,706,450,41,92,6.343750
126,15,1350,469,45,157,6.125000
126,16,0,385,33,106,6.500000
126,17,143,438,51,137,6.343750
126,18,0,491,8,53,4.218750
127,0,0,385,34,108,4.187500
127,1,448,482,62,166,6.281250
127,2,457,355,29,100,7.125000
127,3,901,389,52,134,2.671875
127,4,485,410,55,117,5.812500
127,5,474,448,65,158,6.437500
127,7,763,437,38,125,6.937500
127,8,1599,322,46,125,9.000000
127,9,670,50,18,55,8.812500
127,11,659,641,67,251,7.125000
127,12,723,386,37,119,5.531250
127,13,1098,286,96,201,5.875000
127,14,704,450,43,92,6.250000
127,15,1331,469,61,157,6.250000
127,16,0,385,34,108,6.468750
127,17,146,435,58,140,6.281250
127,18,0,489,11,57,4.750000
128,0,0,385,35,109,4.218750
128,1,452,485,63,163,6.375000
128,2,457,355,29,100,7.000000
128,3,902,390,59,133,2.671875
128,4,483,409,56,118,5.875000
128,5,471,449,66,154,6.656250
128,7,763,436,37,126,7.062500
128,8,1599,321,46,126,9.062500
128,9,670,50,18,55,8.875000
128,11,658,640,66,249,6.937500
128,12,723,385,36,120,5.625000
128,13,1097,285,97,202,5.781250
128,14,703,449,40,92,5.906250
128,15,1317,470,75,156,6.687500
128,16,0,385,34,109,6.531250
128,17,149,435,74,139,6.093750
128,18,0,489,13,58,5.437500
129,0,0,386,36,109,4.406250
129,1,454,483,65,165,6.625000
129,2,457,355,29,100,7.156250
129,3,903,391,64,132,2.656250
129,4,483,407,54,121,5.812500
129,5,471,447,66,156,6.531250
129,7,762,436,37,126,6.812500
129,8,1599,321,47,126,9.062500
129,9,671,50,17,55,8.812500
129,11,655,640,68,245,7.187500
129,12,720,381,38,124,5.531250
129,13,1096,286,98,201,5.906250
129,14,704,448,36,93,5.625000
129,15,1306,470,86,156,6.625000
129,16,0,385,36,110,6.625000
129,17,154,435,84,135,6.218750
129,18,0,489,17,61,6.218750
130,0,0,386,37,111,4.500000
130,1,456,485,64,164,6.687500
130,2,456,355,30,100,7.281250
130,3,907,392,65,132,2.718750
130,4,482,406,53,122,5.781250
130,5,470,449,66,152,6.250000
130,7,754,434,45,128,6.937500
130,8,1598,321,47,127,9.000000
130,9,670,50,18,55,8.875000
130,11,649,640,74,242,7.031250
130,12,718,384,38,120,5.750000
130,13,1096,286,98,201,5.968750
130,14,702,452,32,89,4.750000
130,15,1300,470,92,155,6.906250
130,16,0,386,37,111,6.812500
130,17,161,436,85,134,6.093750
130,18,0,488,18,63,6.437500
131,0,0,388,37,110,4.593750
131,1,459,479,62,171,6.812500
131,2,456,355,29,100,7.218750
131,3,909,393,66,133,2.812500
131,4,481,404,53,119,5.812500
131,5,469,450,66,151,5.937500
131,7,759,435,37,127,6.937500
131,8,1598,321,48,127,9.187500
131,9,671,50,17,55,8.812500
131,11,643,639,77,243,7.000000
131,12,716,382,41,122,5.875000
131,13,1097,286,97,201,6.031250
131,14,701,448,31,94,5.812500
131,15,1296,470,95,155,6.812500
131,16,0,388,37,110,6.812500
131,17,168,439,83,134,5.875000
131,18,0,483,19,68,1.000000
132,0,0,388,39,112,4.812500
132,1,461,478,61,173,6.781250
132,2,456,354,29,101,7.312500
132,3,915,393,63,133,2.953125
132,4,479,403,55,117,5.812500
132,5,464,451,70,151,5.750000
132,7,754,435,40,127,7.000000
132,8,1599,321,47,126,9.000000
132,9,671,50,17,55,8.875000
132,11,636,639,83,243,7.125000
132,12,713,380,42,123,6.031250
132,13,1096,286,98,201,5.937500
132,14,700,455,27,87,4.031250
132,15,1295,471,94,153,6.687500
132,16,0,389,39,111,6.843750
132,17,180,440,73,134,5.875000
132,18,0,482,21,70,5.656250
133,0,0,389,39,111,4.750000
133,1,463,477,61,174,6.687500
133,2,456,355,29,100,7.375000
133,3,920,393,61,133,2.906250
133,4,479,401,54,117,5.750000
133,5,462,451,70,152,5.562500
133,7,752,433,43,129,7.125000
133,8,1599,321,46,125,9.000000
133,9,671,49,17,56,8.875000
133,11,633,638,85,244,7.000000
133,12,713,379,40,124,5.812500
133,13,1096,286,97,201,5.906250
133,14,699,449,24,91,5.031250
133,15,1294,470,90,153,6.781250
133,16,0,389,39,111,6.593750
133,17,197,440,57,134,5.937500
133,18,0,469,20,84,5.281250
134,0,0,390,40,111,4.937500
134,1,467,482,58,169,6.812500
134,2,456,355,29,100,7.468750
134,3,925,393,58,133,3.015625
134,4,478,401,54,117,5.968750
134,5,461,453,71,151,6.187500
134,7,754,441,40,121,7.156250
134,8,1599,321,46,125,9.312500
134,9,671,49,17,56,9.000000
134,11,630,638,86,243,7.125000
134,12,710,378,41,125,5.937500
134,13,1096,286,97,201,6.062500
134,14,699,449,23,91,5.093750
134,15,1294,469,83,151,6.812500
134,16,0,390,39,110,7.000000
134,17,216,441,47,133,5.656250
134,18,0,463,20,89,5.406250
135,0,0,390,39,110,4.750000
135,1,469,487,58,164,6.906250
135,2,456,355,29,100,7.312500
135,3,932,392,50,134,3.125000
135,4,477,400,54,118,6.312500
135,5,461,453,69,153,6.718750
135,7,749,443,45,119,6.812500
135,8,1599,321,47,126,9.375000
135,9,671,49,17,56,9.000000
135,11,627,637,89,245,7.343750
135,12,709,378,40,124,5.875000
135,13,1096,286,97,201,5.937500
135,14,699,444,23,96,5.156250
135,15,1293,467,74,152,6.718750
135,16,0,390,40,110,6.687500
135,17,227,439,45,134,5.812500
135,18,0,462,20,90,5.406250
136,0,0,391,40,109,4.906250
136,1,472,487,56,164,6.875000
136,2,456,355,29,100,7.250000
136,3,938,391,44,135,3.109375
136,4,476,400,54,118,6.218750
136,5,460,453,68,155,6.687500
136,7,747,445,47,117,6.843750
136,8,1599,321,47,127,9.375000
136,9,670,49,18,56,8.937500
136,11,627,638,88,243,7.562500
136,12,706,380,40,119,5.312500
136,13,1096,286,97,201,5.812500
136,14,699,445,22,94,5.125000
136,15,1293,466,64,153,6.843750
136,16,0,390,40,110,6.750000
136,17,233,436,50,138,5.781250
136,18,0,458,20,94,5.437500
137,0,0,391,41,109,4.937500
137,1,475,487,55,164,6.843750
137,2,456,355,30,100,7.406250
137,3,947,391,34,135,3.125000
137,4,476,400,53,115,6.125000
137,5,460,451,64,99,6.625000
137,7,746,442,48,119,6.812500
137,8,1598,321,48,127,9.312500
137,9,671,49,17,56,9.000000
137,11,627,637,88,245,7.656250
137,12,705,376,41,122,5.500000
137,13,1096,286,97,200,5.625000
137,14,698,446,21,94,4.625000
137,15,1293,465,51,153,6.531250
137,16,0,391,40,109,6.625000
137,17,239,434,57,138,5.968750
137,18,0,479,20,73,5.125000
138,0,0,391,41,109,4.875000
138,1,477,489,55,162,6.906250
138,2,456,355,30,100,7.375000
138,3,953,391,32,135,3.234375
138,4,476,400,51,113,6.281250
138,5,459,452,65,99,7.031250
138,7,746,437,47,124,6.875000
138,8,1598,321,48,126,9.250000
138,9,669,49,19,56,8.937500
138,11,627,637,88,244,7.625000
138,12,705,376,39,122,5.531250
138,13,1096,286,97,201,5.625000
138,14,698,448,21,92,4.468750
138,15,1292,464,39,154,6.406250
138,16,0,390,41,110,6.468750
138,17,246,433,70,139,5.937500
138,18,0,454,20,98,5.500000
139,0,0,391,43,109,4.937500
139,1,479,488,58,163,6.812500
139,2,456,354,31,101,7.312500
139,3,956,392,36,134,3.546875
139,4,475,400,51,113,6.062500
139,5,459,453,66,98,6.812500
139,7,744,439,47,121,7.000000
139,8,1599,321,46,127,9.062500
139,9,669,50,19,55,8.750000
139,11,626,637,88,243,7.687500
139,12,701,375,43,124,5.343750
139,13,1096,285,97,202,5.437500
139,14,696,448,23,92,4.156250
139,15,1281,463,44,155,6.281250
139,16,0,390,43,111,6.437500
139,17,250,433,78,138,5.968750
139,18,0,454,21,99,5.812500
140,0,0,391,43,109,4.750000
140,1,481,489,60,162,6.718750
140,2,456,355,29,100,7.281250
140,3,956,392,42,134,3.515625
140,4,475,401,50,106,6.187500
140,5,459,453,67,99,6.812500
140,7,736,439,53,119,6.906250
140,8,1599,321,46,127,9.062500
140,9,670,50,18,55,8.812500
140,11,625,635,90,244,7.656250
140,12,700,376,39,121,5.093750
140,13,1096,285,97,201,5.437500
140,14,696,447,22,92,3.781250
140,15,1280,463,41,155,6.312500
140,16,0,390,44,110,6.156250
140,17,261,433,75,136,5.812500
140,18,0,458,21,94,5.781250
141,0,0,391,44,109,4.875000
141,1,483,491,68,159,6.656250
141,2,455,355,31,100,7.156250
141,3,956,393,52,133,3.750000
141,4,473,401,53,107,6.125000
141,5,459,455,67,97,7.406250
141,7,736,436,49,120,7.062500
141,8,1599,321,46,127,8.937500
141,9,669,49,19,56,8.750000
141,11,625,635,90,241,7.406250
141,12,699,375,37,122,5.031250
141,13,1096,286,97,200,5.406250
141,14,697,448,21,91,3.140625
141,15,1266,463,53,155,6.687500
141,16,0,390,44,110,6.312500
141,17,272,435,70,138,5.812500
141,18,0,454,24,98,6.281250
142,0,0,390,47,110,4.781250
142,1,487,488,72,163,6.437500
142,2,455,355,31,100,7.093750
142,3,956,395,61,132,3.843750
142,4,471,400,51,91,5.875000
142,5,459,457,66,142,7.218750
142,7,737,435,45,121,6.812500
142,8,1599,321,46,127,9.062500
142,9,670,49,18,56,8.812500
142,11,622,634,91,239,7.281250
142,12,698,376,37,121,5.125000
142,13,1095,285,98,201,5.500000
142,14,697,449,19,89,1.835938
142,15,1253,463,66,156,6.687500
142,16,0,390,47,110,6.031250
142,17,287,436,55,137,5.593750
142,18,0,456,25,97,6.000000
143,0,0,391,49,110,4.718750
143,1,491,489,77,162,6.562500
143,2,455,355,31,101,7.156250
143,3,956,395,67,132,3.703125
143,4,470,400,50,106,5.968750
143,5,459,458,42,149,7.156250
143,7,738,436,40,119,6.843750
143,8,1599,321,46,126,9.187500
143,9,671,48,16,57,9.000000
143,11,618,633,94,237,7.687500
143,12,696,376,33,121,5.156250
143,13,1096,285,97,201,5.531250
143,14,696,444,18,93,1.093750
143,15,1244,464,75,155,7.062500
143,16,0,391,50,110,5.906250
143,17,303,437,44,136,5.500000
143,18,0,456,25,101,6.093750
144,0,0,391,51,110,4.656250
144,1,492,489,81,162,6.562500
144,2,455,355,31,101,7.218750
144,3,956,396,68,131,3.781250
144,4,467,399,53,117,6.062500
144,5,460,458,42,150,7.625000
144,7,737,434,38,119,6.500000
144,8,1599,321,46,127,9.125000
144,9,671,48,16,57,9.000000
144,11,615,632,94,234,7.625000
144,12,695,377,34,120,5.187500
144,13,1096,285,97,202,5.375000
144,14,696,443,23,93,0.777344
144,15,1237,464,82,154,6.937500
144,16,0,391,51,111,6.000000
144,17,317,436,44,137,5.531250
144,18,0,456,25,103,6.375000
145,0,0,392,52,111,4.468750
145,1,495,490,80,161,6.593750
145,2,455,355,31,98,6.718750
145,3,958,396,68,132,3.921875
145,4,466,401,52,116,5.781250
145,5,460,459,45,150,7.062500
145,7,738,433,35,120,6.500000
145,8,1599,321,46,127,8.937500
145,9,671,48,16,57,9.062500
145,11,609,631,98,233,7.375000
145,12,695,377,34,119,5.031250
145,13,1096,285,97,201,5.343750
145,14,696,444,23,85,0.271484
145,15,1234,464,84,154,6.812500
145,16,0,392,52,111,5.875000
145,17,323,434,49,139,5.531250
145,18,0,451,25,108,6.468750
146,0,0,394,53,110,4.500000
146,1,498,489,78,162,6.718750
146,2,455,356,31,101,6.531250
146,3,961,396,65,132,4.031250
146,4,466,404,51,116,5.750000
146,5,461,460,45,149,7.468750
146,7,737,430,37,123,6.531250
146,8,1599,321,46,126,9.062500
146,9,671,48,16,56,9.125000
146,11,605,631,99,232,7.531250
146,12,695,378,33,117,4.812500
146,13,1096,285,97,202,5.281250
146,15,1230,463,87,155,6.968750
146,16,0,393,53,111,5.937500
146,17,326,432,57,141,5.500000
146,18,0,434,26,126,6.531250
147,0,0,395,53,110,4.500000
147,1,503,489,74,163,6.718750
147,2,455,355,32,104,6.343750
147,3,966,396,60,132,4.250000
147,4,466,410,49,112,5.906250
147,5,462,459,51,151,7.468750
147,7,736,431,36,123,6.593750
147,8,1599,321,46,127,9.125000
147,9,671,49,16,56,9.062500
147,11,601,630,100,231,7.625000
147,12,694,380,33,115,4.687500
147,13,1096,285,97,201,5.437500
147,15,1231,462,81,154,6.812500
147,16,0,394,53,111,5.875000
147,17,331,431,69,141,5.968750
147,18,0,433,27,127,6.625000
148,0,0,396,52,110,4.406250
148,1,504,489,74,164,6.812500
148,2,455,355,33,77,6.093750
148,3,972,396,54,132,3.984375
148,4,464,408,49,73,5.562500
148,5,462,459,56,160,7.218750
148,7,733,429,40,125,6.406250
148,8,1599,321,46,126,9.125000
148,9,670,48,17,57,9.000000
148,11,596,629,102,232,7.437500
148,12,694,379,33,116,4.750000
148,13,1096,285,97,201,5.375000
148,15,1230,461,72,152,6.875000
148,16,4,396,48,110,5.718750
148,17,333,430,86,138,5.687500
148,18,0,431,27,129,6.437500
149,0,0,396,51,110,4.593750
149,1,507,489,72,164,7.125000
149,2,455,355,33,75,6.406250
149,3,981,394,49,134,4.156250
149,4,462,406,50,75,5.593750
149,5,463,460,58,160,7.687500
149,7,727,429,45,125,6.500000
149,8,1598,321,47,127,9.250000
149,9,671,48,16,56,9.187500
149,11,594,629,100,232,7.531250
149,12,693,378,33,116,4.812500
149,13,1096,285,97,201,5.468750
149,15,1229,460,65,150,6.750000
149,16,0,396,51,110,6.062500
149,17,339,431,88,135,5.812500
149,18,0,425,28,135,6.437500
150,0,0,396,51,110,4.531250
150,1,508,489,71,164,7.593750
150,2,455,356,31,62,6.312500
150,3,991,393,42,135,4.031250
150,4,461,406,50,71,5.500000
150,5,463,462,62,158,7.875000
150,7,721,429,50,124,6.843750
150,8,1599,321,46,127,9.312500
150,9,670,48,17,56,9.062500
150,11,592,628,97,233,7.531250
150,12,693,374,34,120,4.593750
150,13,1096,285,97,201,5.562500
150,15,1229,459,53,150,6.531250
150,16,5,396,46,110,5.937500
150,17,350,432,82,136,5.812500
150,18,0,438,28,122,6.406250
150,19,576,443,10,34,0.106934
151,0,3,396,48,110,4.781250
151,1,509,489,70,164,7.375000
151,2,455,355,32,64,6.375000
151,3,1001,394,33,135,3.984375
151,4,459,405,52,74,5.500000
151,5,464,461,63,159,7.625000
151,7,716,434,54,119,6.843750
151,8,1599,321,46,127,9.375000
151,9,670,48,17,56,9.125000
151,11,589,627,99,234,7.406250
151,12,693,373,32,119,4.062500
151,13,1097,285,96,201,5.593750
151,15,1229,458,43,150,6.562500
151,16,5,396,46,110,6.031250
151,17,362,435,72,133,5.750000
151,18,0,433,31,127,6.750000
151,19,576,442,9,42,0.796875
152,0,5,396,46,110,4.718750
152,1,517,489,62,164,7.500000
152,2,455,355,31,61,6.562500
152,3,1006,394,34,137,4.093750
152,4,458,411,51,62,5.593750
152,5,464,463,64,157,7.656250
152,7,713,434,55,119,6.750000
152,8,1599,321,46,127,9.500000
152,9,670,47,17,57,9.187500
152,11,587,627,99,234,7.406250
152,12,693,375,28,117,3.640625
152,13,1096,285,97,201,5.593750
152,15,1228,457,34,152,6.437500
152,16,6,396,46,110,6.031250
152,17,380,436,57,132,5.937500
152,18,0,438,31,122,6.562500
152,19,576,439,11,49,2.328125
153,0,5,396,47,110,4.687500
153,1,520,488,59,165,7.625000
153,2,454,355,32,62,6.312500
153,3,1007,394,37,138,4.156250
153,4,456,409,51,63,5.625000
153,5,465,462,63,158,7.843750
153,7,713,432,53,121,6.687500
153,8,1599,321,46,127,9.250000
153,9,670,47,17,57,9.125000
153,11,586,626,98,235,7.281250
153,12,695,385,24,105,3.296875
153,13,1096,285,97,201,5.437500
153,15,1221,455,37,154,6.375000
153,16,6,396,47,110,5.906250
153,17,398,436,49,132,5.843750
153,18,0,438,32,122,6.437500
153,19,575,430,14,67,2.843750
154,0,5,396,49,110,4.625000
154,1,525,489,55,164,7.562500
154,2,455,355,32,61,6.281250
154,3,1006,396,48,137,4.531250
154,4,455,408,51,61,5.125000
154,5,466,461,63,159,8.312500
154,7,713,432,52,121,6.781250
154,8,1599,321,47,125,9.437500
154,9,670,47,18,57,9.000000
154,11,584,626,97,235,7.312500
154,12,695,395,20,93,1.429688
154,13,1096,285,97,201,5.250000
154,15,1213,456,40,152,6.531250
154,16,6,396,48,110,5.843750
154,17,410,434,45,134,5.593750
154,18,0,438,34,122,6.343750
154,19,574,420,16,97,1.000000
155,0,5,396,50,110,4.781250
155,1,527,489,60,168,7.312500
155,2,455,355,31,59,6.250000
155,3,1006,396,58,136,4.531250
155,4,455,409,51,61,5.031250
155,5,466,460,63,160,8.375000
155,7,712,433,52,120,6.781250
155,8,1599,321,46,125,9.500000
155,9,670,47,18,57,9.125000
155,11,583,625,96,235,7.500000
155,12,696,463,12,22,0.201172
155,13,1096,285,97,201,5.093750
155,15,1200,456,52,152,6.843750
155,16,6,396,48,110,5.906250
155,17,415,432,47,136,5.718750
155,18,0,438,35,122,6.312500
155,19,573,423,15,94,2.687500
156,0,7,396,47,110,4.656250
156,1,530,490,62,169,7.156250
156,2,455,355,30,57,5.750000
156,3,1008,398,65,134,4.312500
156,4,455,402,50,73,4.812500
156,5,466,460,63,160,8.875000
156,7,708,433,56,119,6.937500
156,8,1599,320,46,127,9.375000
156,9,670,47,18,57,8.937500
156,11,583,625,94,235,7.437500
156,13,1096,285,97,201,5.062500
156,15,1183,456,69,152,6.781250
156,16,8,396,47,110,5.875000
156,17,419,430,57,139,5.656250
156,18,0,439,36,121,6.218750
156,19,571,423,16,91,2.500000
157,0,7,397,47,109,4.718750
157,1,531,490,62,172,6.937500
157,2,455,354,31,60,5.843750
157,3,1009,398,69,135,4.250000
157,4,453,409,51,52,4.812500
157,5,465,459,64,161,8.500000
157,7,706,432,58,119,6.968750
157,8,1599,320,46,126,9.437500
157,9,670,47,18,57,9.000000
157,11,583,624,92,236,7.718750
157,13,1096,285,97,201,4.968750
157,15,1174,456,77,151,6.875000
157,16,8,397,47,109,5.812500
157,17,425,435,50,130,5.406250
157,18,0,436,38,124,6.218750
157,19,567,422,19,91,2.578125
158,0,8,396,47,112,4.843750
158,1,535,491,60,173,7.218750
158,2,455,354,33,59,5.906250
158,3,1009,398,70,135,4.250000
158,4,451,408,52,51,5.000000
158,5,463,457,66,163,8.875000
158,7,705,432,59,118,6.656250
158,8,1599,320,46,126,9.500000
158,9,670,47,18,57,9.062500
158,11,583,624,90,236,7.781250
158,13,1096,285,96,201,4.906250
158,15,1167,457,84,149,7.156250
158,16,9,396,47,112,5.906250
158,17,430,433,52,127,5.125000
158,18,0,441,42,119,6.093750
158,19,568,421,17,89,2.484375
159,0,8,397,48,113,5.031250
159,1,536,492,62,171,7.187500
159,2,455,355,30,54,5.687500
159,3,1012,398,71,136,4.250000
159,4,449,401,51,65,4.906250
159,5,468,458,61,162,8.562500
159,7,703,431,59,118,6.187500
159,8,1599,320,46,127,9.500000
159,9,670,48,18,56,9.125000
159,11,582,623,89,238,7.843750
159,13,1095,285,97,201,5.000000
159,15,1163,457,89,149,7.281250
159,16,10,397,47,113,6.000000
159,17,441,434,70,127,3.578125
159,18,0,440,46,121,6.281250
159,19,566,420,19,90,2.484375
160,0,8,397,50,114,5.218750
160,1,539,492,64,171,7.218750
160,2,455,354,33,58,5.875000
160,3,1015,399,68,136,4.312500
160,4,448,402,54,71,4.531250
160,5,468,461,61,159,8.437500
160,7,701,431,61,117,6.468750
160,8,1599,320,46,127,9.437500
160,9,671,49,16,55,9.250000
160,11,582,623,86,238,7.875000
160,13,1096,285,97,201,5.062500
160,15,1162,456,88,149,7.093750
160,16,11,397,46,114,6.093750
160,17,455,433,68,136,3.500000
160,18,0,440,51,121,6.156250
160,19,563,420,22,92,2.531250
161,0,11,399,47,113,5.156250
161,1,541,494,64,169,6.781250
161,2,455,355,30,54,5.687500
161,3,1021,398,64,137,4.375000
161,4,447,394,50,85,4.687500
161,5,466,459,61,161,8.312500
161,7,701,430,59,118,6.187500
161,8,1599,320,46,127,9.250000
161,9,670,48,18,56,9.375000
161,11,582,622,83,238,7.968750
161,13,1096,285,96,201,5.062500
161,15,1165,455,80,149,6.843750
161,16,12,399,47,114,6.000000
161,17,491,433,34,136,4.781250
161,18,0,441,54,121,6.000000
161,19,561,406,24,99,2.500000
161,20,0,566,4,6,0.398438
162,0,10,399,49,115,5.187500
162,1,544,496,63,169,6.781250
162,2,455,355,30,53,5.500000
162,3,1027,398,60,137,4.343750
162,4,446,394,54,93,4.562500
162,5,465,458,48,162,8.500000
162,7,701,429,56,119,6.281250
162,8,1599,320,45,127,9.375000
162,9,671,49,16,55,9.437500
162,11,584,622,78,238,7.906250
162,13,1096,285,96,201,5.031250
162,15,1164,454,75,146,6.906250
162,16,13,399,47,115,6.093750
162,17,496,433,32,136,5.875000
162,18,0,444,55,120,5.812500
162,19,559,404,26,99,2.640625
162,20,0,557,8,17,3.015625
163,0,11,400,49,115,5.468750
163,1,547,496,62,170,7.250000
163,2,455,355,29,52,5.750000
163,3,1036,398,50,137,4.375000
163,4,445,393,54,102,4.531250
163,5,465,457,61,163,8.687500
163,7,705,428,49,120,6.406250
163,8,1599,320,45,127,9.437500
163,9,671,49,16,55,9.250000
163,11,584,621,76,239,8.000000
163,13,1096,285,97,201,5.093750
163,15,1162,452,69,147,7.000000
163,16,13,400,48,116,6.250000
163,17,506,433,33,136,6.187500
163,18,0,445,56,120,5.937500
163,19,557,402,30,99,2.765625
163,20,0,556,12,18,3.609375
164,0,12,401,49,114,5.531250
164,1,549,496,62,170,7.468750
164,2,455,354,32,58,5.812500
164,3,1045,398,42,137,4.593750
164,4,444,394,53,99,4.531250
164,5,465,457,53,163,8.250000
164,7,702,428,49,120,6.468750
164,8,1599,320,46,127,9.437500
164,9,670,47,18,57,9.437500
164,11,584,620,76,240,8.000000
164,13,1096,285,96,201,5.125000
164,15,1162,451,60,147,7.093750
164,16,13,401,49,115,6.406250
164,17,509,431,43,137,6.031250
164,18,0,445,55,120,5.906250
164,19,556,402,30,96,2.921875
164,20,0,555,14,19,4.281250
165,0,13,402,49,113,5.500000
165,1,554,497,58,166,7.343750
165,2,455,355,30,54,5.843750
165,3,1056,397,35,138,4.500000
165,4,442,392,53,103,4.625000
165,5,465,456,58,163,8.437500
165,7,700,426,47,122,6.250000
165,8,1599,320,45,127,9.437500
165,9,670,47,18,57,9.312500
165,11,585,618,74,242,8.000000
165,13,1096,285,96,200,5.125000
165,15,1163,450,48,148,7.031250
165,16,14,402,49,114,6.343750
165,17,511,428,50,139,6.000000
165,18,0,443,56,123,5.968750
165,19,553,401,33,97,2.906250
165,20,0,550,16,24,4.812500
166,0,14,402,50,114,5.562500
166,1,556,496,58,168,7.031250
166,2,455,355,30,56,5.562500
166,3,1062,397,34,138,4.375000
166,4,441,391,52,104,4.750000
166,5,465,456,60,164,8.062500
166,7,699,424,44,124,6.031250
166,8,1598,321,46,126,9.187500
166,9,671,48,16,55,9.312500
166,11,586,617,74,242,7.937500
166,13,1095,285,97,201,5.250000
166,15,1163,448,37,149,7.125000
166,16,15,402,49,114,6.218750
166,17,513,427,55,140,5.750000
166,18,0,444,55,122,5.875000
166,19,553,400,33,101,3.203125
166,20,0,492,19,82,5.031250
167,0,15,403,49,113,5.406250
167,1,561,499,54,162,6.875000
167,2,455,355,30,55,5.531250
167,3,1063,398,40,137,4.625000
167,4,439,391,53,104,4.750000
167,5,463,456,62,166,7.625000
167,7,698,423,44,125,6.281250
167,8,1598,321,47,126,9.250000
167,9,671,49,16,54,9.250000
167,11,586,615,72,244,7.500000
167,13,1096,285,96,200,5.125000
167,15,1158,447,35,151,6.718750
167,16,15,402,50,114,6.125000
167,17,517,427,66,138,5.343750
167,18,0,444,55,122,5.687500
167,19,551,398,33,98,3.375000
167,20,0,470,18,105,5.187500
168,0,15,403,50,112,5.562500
168,1,561,496,56,165,6.875000
168,2,453,354,34,59,5.593750
168,3,1063,398,47,137,4.500000
168,4,436,392,55,104,4.843750
168,5,464,457,59,165,7.781250
168,7,698,424,41,124,6.312500
168,8,1597,320,48,127,9.187500
168,9,671,49,16,54,9.375000
168,11,586,614,72,244,7.656250
168,13,1096,285,96,199,5.187500
168,15,1154,447,36,151,6.843750
168,16,17,403,48,112,6.343750
168,17,521,428,66,130,4.968750
168,18,0,445,55,121,5.875000
168,19,549,397,32,71,3.531250
168,20,0,469,19,106,6.000000
169,0,17,402,49,110,5.437500
169,1,564,496,55,163,6.937500
169,2,452,354,35,59,5.593750
169,3,1063,400,61,135,4.500000
169,4,436,390,54,107,4.843750
169,5,464,458,58,165,7.500000
169,7,697,424,40,124,6.156250
169,8,1597,320,48,126,9.125000
169,9,670,48,17,55,9.375000
169,11,586,614,69,244,7.500000
169,13,1096,284,96,200,5.093750
169,15,1146,446,40,152,7.187500
169,16,18,402,48,110,6.281250
169,17,531,424,55,130,3.750000
169,18,0,443,55,123,6.031250
169,19,547,397,32,73,3.171875
169,20,0,469,19,106,6.312500
170,0,18,402,50,106,5.531250
170,1,567,497,57,156,6.968750
170,2,451,354,36,61,5.625000
170,3,1064,401,66,134,4.593750
170,4,435,388,54,109,4.843750
170,5,464,459,58,164,7.343750
170,7,697,423,40,125,6.062500
170,8,1597,320,48,127,9.375000
170,9,671,49,16,54,9.312500
170,11,588,613,63,243,7.593750
170,13,1096,285,96,199,5.000000
170,15,1134,447,49,151,7.343750
170,16,19,402,49,106,6.343750
170,17,543,528,30,23,2.843750
170,18,0,446,56,120,6.156250
170,19,545,398,40,118,3.468750
170,20,0,469,19,106,6.687500
171,0,19,402,49,108,5.562500
171,1,563,497,64,150,7.062500
171,2,450,353,37,64,5.625000
171,3,1064,401,69,134,4.562500
171,4,435,387,52,109,5.125000
171,5,465,459,55,163,7.500000
171,7,697,423,39,125,6.218750
171,8,1597,319,48,128,9.375000
171,9,670,48,17,55,9.375000
171,11,587,610,62,244,7.750000
171,13,1096,284,96,199,5.093750
171,15,1119,447,65,151,7.468750
171,16,20,402,48,108,6.468750
171,17,559,526,23,26,0.882812
171,18,0,446,58,120,6.406250
171,19,543,397,42,114,3.703125
171,20,0,469,19,106,6.562500
172,0,20,402,49,111,5.750000
172,1,574,497,57,131,6.750000
172,2,452,353,36,66,5.687500
172,3,1064,401,70,138,4.718750
172,4,434,387,52,105,5.468750
172,5,463,459,56,163,7.343750
172,7,696,423,39,125,6.281250
172,8,1596,320,48,127,9.500000
172,9,670,48,17,56,9.375000
172,11,586,610,60,241,7.937500
172,13,1096,284,96,196,5.093750
172,15,1113,447,69,151,7.593750
172,16,21,402,47,111,6.531250
172,18,0,445,61,121,6.468750
172,19,542,397,39,114,4.062500
172,20,0,468,18,107,7.062500
173,0,20,403,51,113,5.718750
173,1,576,497,59,148,6.593750
173,2,452,353,36,65,5.593750
173,3,1068,401,65,133,4.750000
173,4,433,389,52,106,5.593750
173,5,463,459,55,163,7.437500
173,7,696,423,38,125,6.281250
173,8,1596,319,48,128,9.375000
173,9,670,47,18,57,9.375000
173,11,584,609,58,242,7.968750
173,13,1096,284,96,186,5.343750
173,15,1108,447,74,151,7.531250
173,16,23,403,48,112,6.593750
173,18,0,446,60,120,6.375000
173,19,541,397,40,115,4.281250
173,20,0,468,18,107,7.218750
174,0,22,404,52,115,5.656250
174,1,580,498,70,165,6.781250
174,2,454,353,34,67,5.343750
174,3,1073,400,58,133,4.531250
174,4,431,384,53,111,5.687500
174,5,462,459,55,164,7.312500
174,7,696,423,36,125,5.968750
174,8,1596,319,48,128,9.437500
174,9,670,48,17,55,9.250000
174,11,579,609,58,239,8.062500
174,13,1096,285,96,179,5.125000
174,15,1107,446,72,151,7.250000
174,16,22,404,53,115,6.687500
174,18,0,446,61,120,6.406250
174,19,540,397,41,115,4.500000
174,20,0,467,20,108,7.968750
175,0,23,406,54,113,5.687500
175,1,583,498,77,167,6.937500
175,2,452,353,34,63,5.312500
175,3,1079,400,52,131,4.375000
175,4,430,384,54,110,5.687500
175,5,461,458,55,164,7.125000
175,7,696,422,36,126,5.906250
175,8,1596,319,49,127,9.375000
175,9,670,48,17,55,8.937500
175,11,578,609,56,239,8.250000
175,13,1096,284,96,162,5.062500
175,15,1108,445,68,150,7.343750
175,16,24,406,53,113,6.687500
175,18,0,448,62,120,6.187500
175,19,538,398,43,114,4.812500
175,20,0,465,21,109,8.125000
176,0,24,406,53,114,5.687500
176,1,588,499,77,165,6.656250
176,2,452,353,36,81,5.093750
176,3,1088,400,47,132,4.156250
176,4,429,386,52,107,5.656250
176,5,461,460,53,162,7.468750
176,7,696,426,36,121,5.906250
176,8,1596,320,48,125,9.312500
176,9,670,47,17,56,9.000000
176,11,575,607,58,241,8.062500
176,13,1096,284,96,150,4.843750
176,15,1108,444,63,150,7.218750
176,16,25,406,52,114,6.625000
176,18,12,453,50,116,6.000000
176,19,537,397,44,114,5.000000
176,20,0,461,32,113,1.000000
177,0,26,407,52,114,5.718750
177,1,590,500,79,165,6.687500
177,2,452,353,36,81,5.375000
177,3,1099,400,41,131,4.156250
177,4,428,386,51,106,6.125000
177,5,460,460,53,162,7.500000
177,7,696,428,36,119,5.968750
177,8,1596,320,48,126,9.375000
177,9,670,47,17,56,9.062500
177,11,570,606,65,242,8.312500
177,13,1096,284,96,167,5.218750
177,15,1108,443,54,146,7.218750
177,16,27,407,50,114,6.500000
177,18,12,452,50,118,5.781250
177,19,537,396,45,114,5.312500
177,20,0,462,38,113,8.062500
178,0,27,408,51,114,5.875000
178,1,593,500,77,166,6.375000
178,2,452,353,35,82,5.468750
178,3,1117,399,28,134,4.343750
178,4,427,387,49,104,6.156250
178,5,459,460,53,162,7.250000
178,7,695,428,36,119,5.531250
178,8,1596,319,48,127,9.437500
178,9,670,47,17,56,8.937500
178,11,568,608,66,239,8.500000
178,13,1096,284,95,182,5.187500
178,15,1108,442,46,143,7.312500
178,16,27,408,50,114,6.562500
178,18,14,453,49,117,6.062500
178,19,535,395,45,115,5.375000
178,20,0,461,40,114,7.750000
179,0,27,408,53,113,5.781250
179,1,597,500,74,167,6.062500
179,2,452,353,35,82,5.468750
179,3,1119,399,33,138,5.156250
179,4,425,387,50,105,6.156250
179,5,457,461,54,161,6.812500
179,7,694,423,37,124,5.312500
179,8,1596,319,48,126,9.437500
179,9,669,47,17,56,9.000000
179,11,566,608,67,237,8.250000
179,13,1095,284,97,165,5.312500
179,15,1106,440,37,144,7.500000
179,16,27,408,52,113,6.375000
179,18,10,450,56,120,6.093750
179,19,533,395,46,111,5.406250
179,20,0,455,42,121,7.343750
180,0,26,408,55,113,5.781250
180,1,601,500,72,167,6.468750
180,2,452,353,34,82,5.562500
180,3,1124,397,33,141,5.406250
180,4,423,386,51,105,6.218750
180,5,457,459,53,164,6.906250
180,7,694,428,37,118,5.218750
180,8,1596,319,48,127,9.437500
180,9,669,47,17,56,9.062500
180,11,558,607,75,237,8.312500
180,13,1096,284,95,163,5.281250
180,15,1101,443,34,142,7.312500
180,16,27,408,53,113,6.218750
180,18,17,454,51,116,6.187500
180,19,533,394,45,111,5.656250
180,20,0,455,43,122,7.125000
181,0,27,408,57,103,5.812500
181,1,604,500,69,168,6.375000
181,2,452,353,35,83,5.718750
181,3,1122,399,45,140,5.406250
181,4,421,386,50,105,6.343750
181,5,455,458,56,165,7.031250
181,7,693,426,36,120,4.625000
181,8,1596,319,48,127,9.687500
181,9,669,46,17,57,8.812500
181,11,549,606,84,235,8.312500
181,13,1096,284,96,161,5.250000
181,15,1097,440,34,145,7.375000
181,16,27,408,57,103,6.187500
181,18,15,456,57,115,6.250000
181,19,532,393,41,110,5.750000
181,20,0,452,43,126,7.437500
182,0,27,408,58,113,5.875000
182,1,605,499,68,169,6.750000
182,2,452,353,34,96,5.781250
182,3,1121,400,58,139,5.406250
182,4,420,386,47,105,6.187500
182,5,454,457,57,166,7.281250
182,7,695,428,30,117,4.406250
182,8,1596,319,47,127,9.625000
182,9,669,46,17,57,8.875000
182,11,543,606,90,233,8.250000
182,13,1096,284,96,155,5.312500
182,15,1092,439,35,145,7.343750
182,16,27,407,57,114,6.312500
182,18,19,458,51,112,5.875000
182,19,531,393,38,109,5.781250
182,20,0,449,43,130,7.687500
183,0,28,408,58,113,5.687500
183,1,610,499,63,169,6.875000
183,2,452,353,34,99,5.687500
183,3,1120,402,70,137,5.375000
183,4,418,387,45,104,6.187500
183,5,456,460,55,163,7.281250
183,7,695,428,37,116,1.609375
183,8,1595,320,49,126,9.500000
183,9,669,46,17,57,8.875000
183,11,536,607,97,230,8.000000
183,13,1096,284,96,171,5.375000
183,15,1082,440,43,143,7.500000
183,16,28,408,57,113,6.000000
183,17,695,426,37,117,0.233398
183,18,21,451,51,120,6.218750
183,19,529,392,37,110,5.875000
183,20,0,449,44,131,7.625000
184,0,27,407,58,111,5.437500
184,1,609,499,64,169,7.218750
184,2,452,353,34,97,6.062500
184,3,1119,403,75,136,5.656250
184,4,416,385,45,106,6.281250
184,5,454,460,57,165,7.312500
184,7,695,425,46,127,0.980469
184,8,1596,319,47,127,9.500000
184,9,669,47,17,56,8.812500
184,11,532,607,101,228,8.125000
184,13,1096,283,95,178,5.562500
184,15,1066,440,60,144,7.406250
184,16,27,407,56,111,5.968750
184,17,697,425,44,127,3.906250
184,18,22,451,49,120,6.093750
184,19,527,392,37,111,5.906250
184,20,0,449,43,131,7.281250
185,0,27,407,59,104,5.406250
185,1,616,499,57,169,7.281250
185,2,452,353,34,95,6.125000
185,3,1120,404,76,136,5.718750
185,4,415,384,44,107,6.281250
185,5,452,460,58,166,7.468750
185,7,696,456,41,79,0.550781
185,8,1596,319,47,127,9.687500
185,9,669,47,17,56,9.062500
185,11,531,608,102,227,8.250000
185,13,1096,283,95,182,5.718750
185,15,1056,442,70,142,7.343750
185,16,27,407,58,106,5.968750
185,17,701,426,49,125,4.281250
185,18,24,451,49,120,6.281250
185,19,525,391,37,111,6.062500
185,20,0,448,43,132,7.062500
186,0,27,408,60,94,5.187500
186,1,620,499,52,171,6.875000
186,2,452,353,32,93,6.187500
186,3,1122,405,76,135,5.750000
186,4,413,384,45,107,6.125000
186,5,449,459,60,169,7.531250
186,7,695,446,15,70,1.484375
186,8,1596,319,47,127,9.437500
186,9,669,47,17,56,9.062500
186,11,529,608,104,227,8.250000
186,13,1096,283,95,194,5.781250
186,15,1048,441,77,143,7.312500
186,16,27,407,59,95,5.906250
186,17,701,424,68,130,4.687500
186,18,26,452,49,119,6.031250
186,19,523,391,36,111,6.250000
186,20,0,445,43,135,7.218750
187,0,27,407,63,88,5.343750
187,1,622,499,53,173,7.187500
187,2,452,353,31,95,6.156250
187,3,1126,405,73,136,5.750000
187,4,412,384,49,108,6.187500
187,5,449,459,61,169,7.718750
187,7,696,451,13,50,1.328125
187,8,1596,319,47,127,9.625000
187,9,669,46,17,56,8.937500
187,11,527,608,106,227,8.062500
187,13,1095,284,97,197,5.750000
187,15,1043,444,81,139,7.468750
187,16,27,407,62,89,6.093750
187,17,703,421,78,132,4.843750
187,18,27,452,49,119,6.281250
187,19,521,391,37,111,6.437500
187,20,0,446,43,134,7.281250
188,0,29,408,61,78,5.031250
188,1,625,499,55,175,7.250000
188,2,454,353,30,96,6.062500
188,3,1130,404,70,137,5.687500
188,4,410,384,49,108,6.125000
188,5,449,460,61,168,7.593750
188,7,695,452,14,61,1.421875
188,8,1596,319,48,127,9.500000
188,9,669,46,16,56,8.937500
188,11,526,609,107,226,8.000000
188,13,1096,283,95,199,6.218750
188,15,1044,447,79,134,7.250000
188,16,28,408,62,86,5.625000
188,17,710,424,78,130,4.906250
188,18,30,452,48,119,6.343750
188,19,521,392,36,110,6.687500
188,20,0,445,43,135,7.125000
189,0,30,409,62,80,4.968750
189,1,628,500,56,176,7.218750
189,2,453,353,30,97,6.187500
189,3,1138,404,65,137,5.750000
189,4,409,384,48,107,6.156250
189,5,451,460,59,167,7.718750
189,7,696,455,11,43,1.226562
189,8,1596,319,47,127,9.437500
189,9,669,46,16,56,9.000000
189,11,526,609,107,227,7.937500
189,13,1096,283,95,199,6.250000
189,15,1046,445,74,136,7.187500
189,16,30,409,62,84,5.625000
189,17,722,427,69,129,4.625000
189,18,30,452,49,118,6.468750
189,19,520,391,37,111,6.656250
189,20,0,444,43,136,7.125000
190,0,34,411,59,77,5.156250
190,1,632,501,56,177,7.281250
190,2,453,353,30,99,6.312500
190,3,1148,403,56,138,5.937500
190,4,407,383,50,108,5.812500
190,5,453,459,57,168,7.437500
190,7,695,455,12,51,1.101562
190,8,1596,318,47,128,9.562500
190,9,669,46,16,56,9.125000
190,11,526,609,106,226,7.593750
190,13,1096,283,95,200,6.468750
190,15,1045,443,71,135,7.187500
190,16,34,411,59,79,5.625000
190,17,738,425,54,130,4.875000
190,18,31,453,50,117,6.750000
190,19,517,390,40,112,6.250000
190,20,0,444,43,136,7.281250
191,0,37,413,58,75,5.062500
191,1,635,502,61,175,7.312500
191,2,453,353,29,100,6.406250
191,3,1155,402,50,139,6.062500
191,4,406,384,49,107,5.968750
191,5,453,459,57,169,7.343750
191,7,696,460,9,36,0.828125
191,8,1596,318,47,129,9.437500
191,9,669,47,16,55,9.125000
191,11,525,609,107,227,7.781250
191,13,1096,283,95,201,6.406250
191,15,1043,442,65,134,7.406250
191,16,38,413,56,75,5.625000
191,17,755,426,44,129,4.968750
191,18,33,455,49,115,6.718750
191,19,518,390,38,112,6.406250
191,20,0,444,42,136,7.281250
192,0,38,414,58,75,5.343750
192,1,637,503,66,174,7.125000
192,2,453,354,29,99,6.531250
192,3,1167,403,40,138,5.875000
192,4,404,384,49,107,6.156250
192,5,453,459,57,168,7.656250
192,7,695,460,10,36,0.589844
192,8,1596,318,47,128,9.437500
192,9,669,47,16,55,9.062500
192,11,526,609,105,227,7.656250
192,13,1095,283,96,201,6.281250
192,15,1043,439,56,136,6.906250
192,16,38,413,58,77,5.906250
192,17,770,424,43,131,4.750000
192,18,34,457,54,114,6.968750
192,19,516,390,40,111,6.468750
192,20,0,444,43,137,7.375000
193,0,39,414,59,74,5.437500
193,1,641,503,67,173,7.093750
193,2,453,353,29,101,6.437500
193,3,1175,403,35,138,5.750000
193,4,404,384,49,107,6.281250
193,5,455,459,56,169,7.500000
193,7,694,461,10,34,0.208984
193,8,1596,318,47,128,9.500000
193,9,669,47,16,55,9.062500
193,11,523,609,106,227,7.781250
193,13,1095,283,96,201,6.031250
193,15,1042,440,49,135,6.937500
193,16,39,414,59,75,6.031250
193,17,770,424,54,131,5.000000
193,18,34,452,58,119,7.031250
193,19,515,390,40,111,6.156250
193,20,0,444,43,140,7.156250
194,0,41,414,58,72,5.531250
194,1,643,504,68,173,7.031250
194,2,453,353,28,101,6.562500
194,3,1178,403,40,137,5.781250
194,4,403,385,48,106,6.125000
194,5,455,460,55,167,7.625000
194,8,1596,318,48,128,9.375000
194,9,668,47,17,55,9.125000
194,11,516,609,110,227,7.656250
194,13,1095,283,96,201,5.875000
194,15,1040,436,40,139,6.968750
194,16,41,414,58,74,6.250000
194,17,774,422,59,132,5.187500
194,18,33,452,63,119,7.250000
194,19,513,388,41,112,6.156250
194,20,0,445,42,142,7.156250
195,0,42,414,59,73,5.531250
195,1,647,504,66,174,6.718750
195,2,452,353,29,101,6.531250
195,3,1178,404,49,137,5.625000
195,4,401,384,50,107,6.000000
195,5,457,460,53,167,7.343750
195,8,1596,318,48,128,9.250000
195,9,668,47,17,55,9.000000
195,11,509,609,113,227,7.406250
195,13,1095,283,96,201,5.812500
195,15,1039,438,31,136,6.781250
195,16,42,414,59,74,6.187500
195,17,779,419,69,133,5.250000
195,18,35,453,63,118,7.000000
195,19,510,388,43,110,6.125000
195,20,0,446,42,142,6.812500
196,0,42,414,61,74,5.750000
196,1,648,504,67,176,6.812500
196,2,452,353,29,101,6.750000
196,3,1179,405,59,136,5.781250
196,4,400,384,48,107,6.156250
196,5,458,460,51,167,7.312500
196,8,1595,318,48,128,9.500000
196,9,668,47,17,55,9.000000
196,11,505,609,112,227,7.562500
196,13,1095,283,96,201,5.562500
196,15,1034,432,36,143,6.562500
196,16,43,414,60,76,6.406250
196,17,784,417,80,133,5.093750
196,18,36,453,63,118,7.125000
196,19,509,389,41,107,6.375000
196,20,0,447,41,142,6.843750
197,0,44,415,59,73,5.687500
197,1,649,505,67,175,6.625000
197,2,452,353,29,101,6.781250
197,3,1179,406,68,135,5.718750
197,4,399,383,48,108,6.031250
197,5,460,460,48,167,7.093750
197,8,1596,318,47,128,9.375000
197,9,668,46,17,56,9.000000
197,11,505,609,106,227,7.281250
197,13,1095,283,96,201,5.406250
197,15,1030,432,35,143,6.500000
197,16,44,415,60,73,6.468750
197,17,792,415,81,134,5.156250
197,18,39,454,60,118,7.437500
197,19,509,389,38,107,6.406250
197,20,0,449,40,140,7.093750
198,0,43,415,64,72,5.187500
198,1,654,505,61,175,6.250000
198,2,451,353,30,102,6.781250
198,3,1180,408,71,133,5.875000
198,4,397,382,49,108,6.000000
198,5,460,461,47,166,6.843750
198,8,1595,318,48,127,9.375000
198,9,668,47,17,55,9.125000
198,11,503,609,102,227,7.500000
198,13,1094,284,97,200,5.312500
198,15,1027,433,36,142,6.562500
198,16,43,415,64,73,5.812500
198,17,803,417,75,133,5.500000
198,18,39,454,59,118,7.250000
198,19,507,388,37,108,6.437500
198,20,0,450,43,140,6.875000
199,0,45,413,61,79,5.125000
199,1,660,505,56,175,6.500000
199,2,451,353,29,101,6.843750
199,3,1180,408,71,133,5.906250
199,4,395,381,49,108,6.187500
199,5,460,461,47,167,7.000000
199,8,1595,318,48,128,9.312500
199,9,668,49,17,53,8.812500
199,11,496,609,102,228,7.656250
199,13,1095,283,96,201,5.156250
199,15,1004,431,59,144,6.750000
199,16,45,413,60,84,5.750000
199,17,816,417,65,134,5.875000
199,18,40,453,57,119,7.156250
199,19,506,386,39,110,6.468750
199,20,0,449,43,142,6.718750
200,0,46,414,65,70,5.781250
200,1,663,505,54,176,6.562500
200,2,451,353,30,101,6.968750
200,3,1182,410,74,130,5.843750
200,4,394,381,49,108,6.125000
200,5,460,461,50,167,6.875000
200,8,1595,318,48,127,9.312500
200,9,668,48,17,54,8.812500
200,11,489,610,101,226,7.468750
200,13,1095,283,96,201,5.125000
200,15,997,431,66,144,6.625000
200,16,46,413,66,72,6.250000
200,17,830,417,55,134,5.968750
200,18,41,452,57,120,7.562500
200,19,504,385,42,111,6.531250
200,20,0,451,44,141,6.812500
201,0,47,414,65,70,5.687500
201,1,667,505,52,175,6.593750
201,2,450,353,31,101,7.031250
201,3,1186,409,75,132,5.875000
201,4,393,381,48,107,6.406250
201,5,461,462,50,168,7.218750
201,8,1595,318,49,127,9.437500
201,9,668,48,17,54,8.812500
201,11,481,611,101,226,7.625000
201,13,1095,284,96,200,5.093750
201,15,993,431,69,144,6.625000
201,16,48,414,64,76,6.281250
201,17,847,418,52,133,5.812500
201,18,42,452,56,120,7.656250
201,19,501,385,46,112,6.687500
201,20,0,451,47,141,6.906250
202,0,48,414,65,113,5.625000
202,1,669,506,52,175,6.468750
202,2,450,353,30,102,7.125000
202,3,1192,409,72,131,5.937500
202,4,390,379,49,107,6.281250
202,5,460,462,49,161,7.218750
202,8,1595,318,48,127,9.500000
202,9,668,48,17,54,8.812500
202,11,476,611,95,225,7.562500
202,13,1095,284,96,201,5.093750
202,15,992,431,68,143,6.562500
202,16,48,414,65,114,6.406250
202,17,859,417,51,134,5.781250
202,18,45,453,53,119,7.781250
202,19,501,386,47,110,6.750000
202,20,0,451,48,142,6.968750
203,0,50,415,63,116,6.000000
203,1,672,506,55,175,6.343750
203,2,450,353,30,102,7.125000
203,3,1200,408,67,133,6.125000
203,4,389,378,49,106,6.406250
203,5,461,462,54,163,7.187500
203,8,1596,318,48,127,9.500000
203,9,668,48,17,54,8.812500
203,11,468,611,96,226,7.718750
203,13,1095,284,96,201,5.156250
203,15,991,431,66,143,6.468750
203,16,50,415,63,116,6.687500
203,17,860,414,58,136,6.218750
203,18,45,453,53,119,7.906250
203,19,500,386,47,110,6.843750
203,20,0,452,47,140,7.031250
204,0,52,414,62,119,5.718750
204,1,675,506,56,175,6.437500
204,2,450,353,30,102,7.000000
204,3,1208,407,66,134,6.218750
204,4,388,378,50,105,6.312500
204,5,461,463,51,161,7.343750
204,8,1595,318,49,127,9.500000
204,9,668,48,16,54,8.875000
204,11,463,613,102,224,8.125000
204,13,1095,284,96,201,5.125000
204,15,989,430,63,142,6.500000
204,16,52,414,62,119,6.468750
204,17,863,412,64,138,6.218750
204,18,47,453,51,119,7.656250
204,19,499,387,48,109,6.656250
204,20,0,452,50,141,7.062500
205,0,54,416,61,118,5.468750
205,1,678,506,57,175,6.312500
205,2,449,352,33,103,6.968750
205,3,1219,408,57,133,6.000000
205,4,387,378,50,105,6.375000
205,5,461,462,49,161,7.312500
205,8,1595,318,48,127,9.500000
205,9,668,47,16,55,8.812500
205,11,456,613,113,224,8.312500
205,13,1095,284,97,201,5.093750
205,15,988,429,57,141,6.656250
205,16,54,416,61,118,6.031250
205,17,868,410,73,136,6.218750
205,18,49,451,52,121,7.812500
205,19,498,386,48,110,6.656250
205,20,0,452,48,141,6.937500
206,0,55,417,62,118,5.437500
206,1,682,507,64,174,6.437500
206,2,449,352,31,103,7.125000
206,3,1230,408,49,135,6.031250
206,4,387,377,49,106,6.468750
206,5,461,463,49,161,7.062500
206,8,1595,318,48,127,9.437500
206,9,668,49,16,53,8.875000
206,11,455,613,115,224,8.500000
206,13,1095,283,97,202,5.000000
206,15,988,428,49,140,6.437500
206,16,55,417,62,118,6.031250
206,17,875,410,79,132,6.281250
206,18,51,451,47,120,7.937500
206,19,496,387,48,109,6.718750
206,20,0,452,51,141,6.906250
207,0,57,417,60,119,5.281250
207,1,685,507,71,174,6.406250
207,2,448,351,34,104,7.031250
207,3,1235,408,50,137,6.062500
207,4,386,377,48,106,6.593750
207,5,461,463,49,159,7.125000
207,8,1596,318,47,127,9.375000
207,9,668,48,16,54,8.687500
207,11,450,613,121,224,8.437500
207,13,1095,283,97,202,4.906250
207,15,988,426,40,142,6.656250
207,16,57,417,60,119,5.875000
207,17,884,411,77,131,6.375000
207,18,53,451,46,121,7.968750
207,19,495,388,47,107,6.562500
207,20,0,453,50,140,7.062500
208,0,60,418,57,118,5.218750
208,1,688,508,77,173,6.312500
208,2,448,351,32,104,6.937500
208,3,1235,408,55,138,5.906250
208,4,384,377,49,105,6.437500
208,5,462,463,49,159,6.875000
208,8,1596,318,47,128,9.375000
208,9,668,48,16,54,8.625000
208,11,449,613,120,224,8.312500
208,13,1094,283,98,202,4.937500
208,14,563,469,22,61,0.078613
208,15,983,426,36,140,6.156250
208,16,60,418,57,118,5.781250
208,17,897,413,65,130,6.312500
208,18,54,452,45,122,7.937500
208,19,494,387,46,108,6.593750
208,20,0,453,51,140,7.000000
209,0,62,419,56,117,4.625000
209,1,692,509,77,172,6.468750
209,2,447,351,32,103,6.843750
209,3,1235,408,59,139,6.125000
209,4,383,376,49,107,6.375000
209,5,462,464,49,161,6.812500
209,8,1596,318,47,127,9.312500
209,9,668,48,16,54,8.687500
209,11,448,616,119,221,8.500000
209,13,1094,283,97,202,5.000000
209,14,559,417,26,113,1.007812
209,15,980,424,32,143,5.937500
209,16,62,419,55,117,5.406250
209,17,911,414,58,130,6.187500
209,18,55,452,46,124,8.062500
209,19,492,386,46,109,6.531250
209,20,0,452,52,141,7.031250
210,0,63,419,56,117,4.593750
210,1,691,511,79,171,6.125000
210,2,446,351,32,103,6.687500
210,3,1235,410,66,137,5.812500
210,4,383,376,49,106,6.218750
210,5,462,464,49,163,6.718750
210,8,1596,318,47,127,9.312500
210,9,668,48,16,54,8.750000
210,11,448,615,115,222,8.625000
210,13,1094,283,98,202,5.000000
210,14,559,417,26,113,1.250000
210,15,977,424,32,142,6.031250
210,16,63,419,56,118,5.281250
210,17,928,415,47,129,6.250000
210,18,57,451,47,126,8.000000
210,19,491,384,41,110,6.468750
210,20,0,453,55,140,6.843750
