1,0,1328,318,240,701,1.000000
1,1,1630,378,75,225,1.000000
1,3,360,385,116,298,1.000000
1,4,768,426,47,158,1.000000
1,5,1894,473,26,29,1.000000
1,6,681,424,85,174,1.000000
1,7,1196,411,42,114,1.000000
1,8,911,426,15,51,1.000000
1,9,939,431,19,46,1.000000
1,10,1354,401,30,89,1.000000
1,16,1894,472,26,30,1.156250
2,0,1363,314,205,705,11.250000
2,1,1632,376,76,227,9.562500
2,3,358,384,118,299,9.437500
2,4,765,424,50,160,9.125000
2,5,1893,472,27,32,8.562500
2,6,681,425,81,174,8.937500
2,7,1195,411,41,114,8.500000
2,8,910,424,15,53,8.312500
2,9,939,429,19,48,8.937500
2,10,1353,401,28,88,8.500000
2,16,1895,472,25,30,1.218750
3,0,1405,313,183,707,11.437500
3,1,1632,376,78,227,9.625000
3,3,357,384,115,299,9.375000
3,4,764,421,47,163,9.437500
3,5,1892,473,28,30,8.375000
3,6,680,425,77,173,8.812500
3,7,1195,411,39,115,8.750000
3,8,910,424,14,54,8.562500
3,9,939,429,18,48,8.812500
3,10,1351,401,28,88,8.812500
3,16,1894,473,26,30,1.242188
4,0,1417,312,196,708,11.687500
4,1,1632,377,81,227,10.000000
4,3,355,385,114,298,8.812500
4,4,761,422,51,162,8.750000
4,5,1892,474,24,30,7.218750
4,6,680,423,72,176,8.125000
4,7,1192,413,40,113,8.937500
4,8,909,424,15,54,8.312500
4,9,939,431,17,46,8.562500
4,10,1349,402,29,86,8.812500
4,11,579,489,17,106,0.535156
4,16,1893,474,22,29,1.242188
5,0,1420,312,204,708,12.375000
5,1,1633,377,81,227,9.437500
5,3,354,385,115,298,8.812500
5,4,759,421,52,163,8.750000
5,5,1892,474,25,30,7.187500
5,6,681,425,68,174,7.906250
5,7,1191,412,40,114,8.750000
5,8,909,425,15,53,8.125000
5,9,939,430,18,48,8.625000
5,10,1348,402,29,87,8.562500
5,11,577,478,17,117,2.062500
5,16,1893,474,23,29,1.226562
6,0,1414,313,229,708,12.062500
6,1,1633,378,84,227,9.375000
6,3,354,385,112,299,8.562500
6,4,759,426,52,159,8.375000
6,5,1893,476,27,32,6.718750
6,6,679,424,68,176,7.656250
6,7,1192,414,37,113,8.375000
6,8,909,425,15,54,8.000000
6,9,938,430,19,49,8.500000
6,10,1347,402,29,88,8.562500
6,11,573,424,22,172,6.656250
6,16,1894,477,26,31,1.273438
7,0,1413,316,282,707,11.625000
7,1,1634,379,85,227,9.062500
7,3,353,386,111,299,8.437500
7,4,757,428,49,158,8.250000
7,5,1895,478,25,32,6.625000
7,6,679,424,60,176,7.375000
7,7,1189,414,39,114,8.062500
7,8,909,427,14,52,7.625000
7,9,938,432,18,47,8.437500
7,10,1345,402,29,89,8.500000
7,11,568,427,25,169,1.000000
7,16,1895,479,25,31,1.289062
8,0,1419,319,335,705,11.500000
8,1,1634,379,88,228,8.437500
8,3,353,387,109,299,8.437500
8,4,755,427,53,160,8.125000
8,5,1895,480,25,32,6.562500
8,6,676,423,59,179,7.437500
8,7,1187,415,39,113,7.750000
8,8,908,428,15,52,7.406250
8,9,938,433,17,46,8.000000
8,10,1344,403,29,91,8.437500
8,11,563,428,28,169,6.562500
8,16,1895,480,25,32,1.343750
9,0,1431,322,368,703,11.437500
9,1,1632,381,92,227,8.562500
9,3,351,387,109,300,8.375000
9,4,752,428,51,160,8.312500
9,5,1895,482,25,30,6.218750
9,6,675,424,58,178,7.593750
9,7,1185,414,40,115,7.781250
9,8,907,428,16,53,7.406250
9,9,938,435,17,45,7.937500
9,10,1342,405,29,89,8.500000
9,11,557,427,33,170,5.687500
9,16,1893,481,27,54,1.312500
10,0,1444,325,377,701,11.687500
10,1,1640,383,85,225,8.062500
10,3,351,388,109,300,8.437500
10,4,744,428,57,161,8.187500
10,5,1895,482,25,30,5.968750
10,6,674,426,56,177,7.656250
10,7,1182,413,41,116,7.593750
10,8,906,428,16,53,7.187500
10,9,938,436,16,45,7.625000
10,10,1340,407,30,88,8.312500
10,11,550,427,40,168,5.625000
10,16,1895,483,25,30,1.210938
11,0,1449,326,381,700,11.250000
11,1,1657,410,69,198,7.812500
11,3,350,388,110,300,8.625000
11,4,738,426,63,164,8.062500
11,5,1896,483,24,29,5.968750
11,6,674,432,52,172,7.593750
11,7,1180,413,42,117,7.468750
11,8,906,429,16,53,7.375000
11,9,938,436,15,46,7.531250
11,10,1339,408,30,88,8.250000
11,11,543,423,48,169,5.562500
11,16,1897,483,23,30,1.164062
12,0,1455,326,381,702,10.562500
12,1,1674,426,53,106,7.375000
12,3,349,389,111,300,8.187500
12,4,732,431,67,159,7.875000
12,5,1896,484,24,29,5.843750
12,6,673,428,52,177,7.062500
12,7,1175,414,46,117,7.562500
12,8,906,429,16,54,7.656250
12,9,937,436,16,46,7.656250
12,10,1337,408,30,89,8.125000
12,11,536,425,54,172,5.250000
12,12,0,759,17,20,5.406250
12,16,1897,484,23,31,1.148438
13,0,1470,325,368,706,10.437500
13,1,1692,431,37,102,6.000000
13,3,349,390,111,299,7.875000
13,4,729,427,70,164,7.625000
13,5,1897,484,23,30,5.750000
13,6,673,440,49,165,7.000000
13,7,1172,415,47,118,7.156250
13,8,906,430,17,53,7.625000
13,9,937,437,15,46,7.218750
13,10,1336,409,29,88,8.000000
13,11,530,427,61,201,5.156250
13,12,0,749,38,33,1.000000
13,16,1898,484,22,36,1.093750
14,0,1487,323,351,709,10.625000
14,1,1642,414,80,59,3.343750
14,3,348,391,113,299,7.843750
14,4,728,427,71,166,7.343750
14,5,1898,485,22,30,5.656250
14,6,671,441,49,165,6.593750
14,7,1169,416,49,118,7.218750
14,8,907,432,15,51,7.531250
14,9,937,437,15,46,7.437500
14,10,1335,410,29,88,8.125000
14,11,522,428,65,202,5.250000
14,12,0,731,48,51,6.312500
14,16,1899,485,21,35,1.085938
15,0,1519,322,319,711,10.375000
15,1,1641,404,39,34,4.812500
15,3,348,391,114,299,7.875000
15,4,729,429,70,165,7.250000
15,5,1898,486,22,31,5.593750
15,6,670,431,47,175,6.562500
15,7,1167,418,50,116,7.000000
15,8,906,432,16,52,7.656250
15,9,937,437,15,46,7.312500
15,10,1333,410,29,88,7.937500
15,11,507,430,78,201,5.750000
15,12,0,739,56,44,5.906250
15,13,523,480,75,122,0.322266
15,14,570,421,18,46,0.304688
15,16,1900,486,20,35,1.054688
16,0,1551,320,287,713,10.500000
16,1,1638,386,58,85,6.687500
16,3,347,392,115,299,7.968750
16,4,728,429,69,167,7.312500
16,5,1900,487,20,32,5.781250
16,6,668,436,47,171,6.187500
16,7,1163,420,52,115,7.031250
16,8,906,433,16,51,7.437500
16,9,936,438,16,46,7.500000
16,10,1331,411,30,87,8.062500
16,11,493,429,88,203,5.656250
16,12,0,739,60,45,5.218750
16,13,577,470,21,129,2.718750
16,14,573,418,19,54,1.007812
16,16,1901,487,19,34,1.015625
17,0,1588,318,250,716,10.375000
17,1,1633,386,65,229,7.593750
17,3,346,393,117,299,8.125000
17,4,728,432,63,165,6.843750
17,5,1900,488,20,32,5.562500
17,6,668,455,40,152,5.906250
17,7,1162,421,51,115,6.718750
17,8,906,434,16,52,7.687500
17,9,936,439,16,46,7.468750
17,10,1330,411,29,88,7.687500
17,11,484,432,94,201,5.843750
17,12,0,740,65,46,4.781250
17,13,573,472,21,129,6.093750
17,14,569,415,22,58,1.937500
17,16,1902,488,18,33,0.937500
18,0,1627,315,219,719,10.625000
18,1,1631,387,70,229,7.656250
18,3,346,394,118,299,7.875000
18,4,728,433,62,165,7.187500
18,5,1901,489,19,32,5.218750
18,6,667,459,37,149,5.593750
18,7,1160,423,51,115,6.906250
18,8,906,435,16,51,7.593750
18,9,936,440,16,46,7.375000
18,10,1329,412,29,86,7.812500
18,11,477,431,96,204,6.125000
18,12,0,740,64,46,4.625000
18,13,569,473,21,129,1.000000
18,14,571,418,16,56,2.406250
18,16,1901,489,19,41,0.906250
19,0,1671,314,207,729,10.625000
19,1,1631,388,72,229,7.968750
19,3,346,394,118,299,8.062500
19,4,729,433,62,166,7.593750
19,5,1901,490,19,31,5.250000
19,6,668,462,31,144,5.218750
19,7,1157,422,54,116,7.093750
19,8,906,435,16,51,7.781250
19,9,937,440,15,47,7.437500
19,10,1328,412,29,89,7.750000
19,11,475,424,103,212,6.406250
19,12,0,725,64,62,4.625000
19,13,565,473,25,130,7.093750
19,14,568,414,19,62,4.312500
19,16,1901,490,19,39,0.898438
20,0,1696,312,212,745,10.687500
20,1,1630,388,80,229,8.125000
20,3,347,394,118,299,7.937500
20,4,728,433,62,165,7.781250
20,5,1903,491,17,30,5.093750
20,6,668,464,26,140,4.562500
20,7,1155,422,54,116,6.968750
20,8,906,435,16,51,7.812500
20,9,938,440,14,46,7.343750
20,10,1326,412,29,88,8.062500
20,11,473,433,98,204,5.968750
20,12,0,650,64,137,4.906250
20,13,560,473,31,130,6.843750
20,14,561,413,26,63,4.968750
20,16,1902,491,18,37,0.824219
21,0,1703,312,217,750,10.812500
21,1,1628,388,82,229,8.125000
21,3,346,394,118,299,8.187500
21,4,728,433,61,165,7.812500
21,5,1902,491,18,31,5.093750
21,6,668,466,24,137,4.406250
21,7,1154,421,54,115,7.375000
21,8,906,435,16,51,7.906250
21,9,937,439,16,47,7.343750
21,10,1325,412,29,89,8.250000
21,11,473,435,88,203,6.437500
21,12,0,725,63,62,5.093750
21,13,559,473,31,130,6.781250
21,14,560,414,27,65,5.000000
21,16,1902,491,18,37,0.828125
22,0,1703,313,217,757,10.375000
22,1,1626,387,89,231,8.187500
22,3,346,395,118,299,8.000000
22,4,726,431,61,168,7.500000
22,5,1903,492,17,30,5.250000
22,6,667,470,19,132,2.578125
22,7,1153,421,53,114,7.187500
22,8,905,436,16,51,7.593750
22,9,936,440,17,47,7.281250
22,10,1323,412,30,88,8.250000
22,11,472,434,84,205,6.437500
22,12,0,751,63,36,5.093750
22,13,555,474,35,130,6.906250
22,14,557,416,30,65,5.562500
22,16,1903,492,17,36,0.855469
23,0,1703,314,217,748,10.000000
23,1,1624,387,87,230,7.843750
23,3,346,395,118,298,8.250000
23,4,720,431,64,167,7.656250
23,5,1904,491,16,31,5.125000
23,6,666,472,16,36,1.945312
23,7,1154,420,49,116,7.531250
23,8,905,435,16,51,7.781250
23,9,937,440,15,46,7.625000
23,10,1321,412,32,88,8.312500
23,11,471,431,82,208,6.718750
23,12,0,751,63,36,5.187500
23,13,552,474,36,129,7.000000
23,14,554,416,33,72,6.375000
23,16,1905,492,15,36,0.652344
24,0,1703,316,217,718,10.000000
24,1,1620,386,88,231,7.906250
24,3,346,395,118,298,8.312500
24,4,719,431,61,167,7.593750
24,5,1904,492,16,29,4.593750
24,6,666,477,15,31,1.273438
24,7,1154,421,47,115,7.906250
24,8,905,436,16,51,7.656250
24,9,936,438,17,48,7.625000
24,10,1315,411,36,90,8.250000
24,11,470,428,95,211,6.437500
24,12,0,740,62,47,5.156250
24,13,549,472,38,132,6.937500
24,14,550,416,35,78,6.468750
24,16,1904,492,16,30,0.357422
25,0,1704,318,216,716,9.625000
25,1,1618,386,86,231,7.687500
25,3,346,394,118,300,8.312500
25,4,719,431,57,167,7.500000
25,5,1909,495,11,27,1.500000
25,6,668,481,11,24,0.714844
25,7,1154,419,46,118,7.562500
25,8,904,435,18,52,7.531250
25,9,936,440,16,45,7.562500
25,10,1313,411,38,90,8.000000
25,11,470,429,92,210,6.375000
25,12,0,736,64,51,4.531250
25,13,547,474,39,130,6.437500
25,14,547,417,38,85,6.718750
26,0,1705,320,215,714,9.687500
26,1,1616,386,85,231,7.500000
26,3,346,395,118,299,8.062500
26,4,710,430,61,169,7.343750
26,7,1155,420,44,116,7.500000
26,8,904,435,18,52,7.312500
26,9,936,441,16,44,7.312500
26,10,1314,413,32,88,7.843750
26,11,471,433,86,207,6.531250
26,12,0,740,90,47,5.250000
26,13,545,475,40,129,6.875000
26,14,544,420,40,69,6.406250
27,0,1708,322,212,712,9.562500
27,1,1614,385,84,232,7.656250
27,3,346,394,118,300,8.375000
27,4,708,430,62,169,7.468750
27,7,1154,419,44,118,7.687500
27,8,904,435,18,52,7.437500
27,9,935,440,17,46,7.406250
27,10,1314,413,31,88,7.968750
27,11,468,432,81,207,7.031250
27,12,0,754,55,33,6.031250
27,13,542,477,42,128,6.937500
27,14,538,418,46,86,6.468750
28,0,1713,323,207,711,9.687500
28,1,1612,385,85,232,7.750000
28,3,346,395,116,299,8.062500
28,4,703,430,65,170,7.250000
28,7,1154,420,42,120,7.531250
28,8,904,435,17,53,7.375000
28,9,936,440,17,46,7.312500
28,10,1313,414,31,88,8.000000
28,11,463,430,77,210,7.312500
28,12,0,754,62,34,5.750000
28,13,539,476,41,133,6.937500
28,14,535,424,47,68,8.562500
29,0,1724,333,196,701,8.937500
29,1,1611,384,83,234,7.812500
29,3,345,396,117,298,7.875000
29,4,701,430,65,171,7.250000
29,7,1149,421,45,120,7.656250
29,8,903,436,18,51,7.093750
29,9,936,441,16,45,7.187500
29,10,1312,413,30,89,7.968750
29,11,462,429,66,211,7.375000
29,12,0,754,64,34,5.343750
29,13,536,479,48,128,7.031250
29,14,529,425,50,80,8.812500
30,0,1748,436,172,597,9.000000
30,1,1610,384,82,234,7.781250
30,3,345,396,117,298,8.187500
30,4,700,430,63,172,7.156250
30,6,570,488,27,89,1.468750
30,7,1147,421,46,120,7.781250
30,8,902,436,18,52,7.125000
30,9,936,440,17,47,7.093750
30,10,1310,413,30,90,7.875000
30,11,459,429,66,212,7.468750
30,12,0,754,64,34,5.000000
30,13,534,478,46,132,7.031250
30,14,527,421,52,83,1.000000
31,0,1781,451,139,581,7.906250
31,1,1609,385,81,233,7.625000
31,3,345,397,118,298,7.968750
31,4,696,431,67,172,7.125000
31,6,569,487,29,101,2.468750
31,7,1145,422,46,121,7.562500
31,8,902,437,18,51,7.062500
31,9,937,441,15,46,7.000000
31,10,1310,414,28,89,7.625000
31,11,459,431,59,211,7.187500
31,12,0,753,63,35,4.937500
31,13,524,479,54,134,7.500000
31,14,521,421,51,84,7.531250
32,0,1819,880,101,144,6.000000
32,1,1608,385,81,233,7.500000
32,3,344,397,118,298,8.375000
32,4,694,431,65,172,7.218750
32,5,1908,497,12,26,3.703125
32,6,563,485,33,97,2.703125
32,7,1146,423,42,120,7.812500
32,8,902,437,17,51,7.062500
32,9,937,441,14,46,7.093750
32,10,1309,414,28,89,7.750000
32,11,454,432,65,213,7.625000
32,12,0,751,63,37,4.687500
32,13,518,478,62,137,7.031250
32,14,519,421,49,83,7.218750
33,0,1856,895,64,129,5.843750
33,1,1607,386,81,233,7.687500
33,3,343,397,118,298,8.875000
33,4,694,433,63,170,7.375000
33,5,1908,499,12,23,3.375000
33,6,562,487,37,102,2.312500
33,7,1143,423,43,120,7.750000
33,8,902,438,17,51,6.968750
33,9,937,441,15,46,7.125000
33,10,1307,413,29,90,7.906250
33,11,444,432,71,214,7.500000
33,12,0,746,63,39,4.187500
33,13,516,479,61,136,7.093750
33,14,512,421,53,87,7.468750
34,0,1901,919,19,45,3.593750
34,1,1606,386,81,235,8.062500
34,3,343,398,117,296,9.250000
34,4,694,434,60,171,7.406250
34,5,1909,499,11,22,3.078125
34,6,558,481,39,103,2.609375
34,7,1140,423,44,120,7.937500
34,8,902,437,16,52,7.031250
34,9,937,441,16,47,7.031250
34,10,1305,413,30,91,7.843750
34,11,432,434,71,213,7.687500
34,12,5,743,58,41,3.921875
34,13,515,477,62,139,7.343750
34,14,503,421,60,92,7.562500
35,1,1606,387,80,235,7.968750
35,3,343,399,117,295,9.125000
35,4,694,435,57,171,7.375000
35,5,1909,500,11,20,2.562500
35,6,558,481,35,66,2.593750
35,7,1139,423,43,120,7.687500
35,8,903,438,15,51,7.125000
35,9,938,443,14,44,6.781250
35,10,1304,414,30,90,7.718750
35,11,434,435,69,211,7.718750
35,12,10,736,52,47,3.734375
35,13,513,478,64,138,7.468750
35,14,500,419,60,92,7.281250
36,1,1605,388,80,235,8.250000
36,3,343,399,116,295,9.250000
36,4,691,436,60,170,7.250000
36,5,1909,502,11,16,2.250000
36,6,558,476,37,108,2.843750
36,7,1135,423,44,120,7.500000
36,8,903,438,15,52,6.968750
36,9,937,442,17,46,6.687500
36,10,1302,414,30,91,7.750000
36,11,432,436,70,211,7.687500
36,12,20,727,44,54,3.593750
36,13,509,478,64,139,7.218750
36,14,501,418,60,96,7.125000
37,1,1604,388,81,236,8.312500
37,3,342,399,116,295,9.187500
37,4,689,436,62,171,7.062500
37,5,1909,503,11,16,2.093750
37,6,557,467,36,120,3.312500
37,7,1134,422,44,122,7.593750
37,8,903,438,15,52,7.093750
37,9,937,442,17,46,6.718750
37,10,1301,414,30,91,7.750000
37,11,434,436,69,212,7.968750
37,12,28,722,44,59,3.453125
37,13,508,477,65,140,7.218750
37,14,500,418,52,94,7.281250
38,1,1603,389,81,237,8.562500
38,3,342,399,114,295,9.125000
38,4,689,439,61,169,7.343750
38,5,1910,505,10,15,2.062500
38,6,559,466,35,125,3.140625
38,7,1133,423,42,121,7.562500
38,8,902,439,15,51,6.937500
38,9,937,443,17,47,6.343750
38,10,1299,416,31,90,7.812500
38,11,441,438,61,206,7.718750
38,12,43,716,44,57,3.500000
38,13,503,478,66,139,7.312500
38,14,499,420,51,90,7.781250
39,1,1603,391,81,236,8.500000
39,3,341,400,118,294,9.375000
39,4,689,440,61,168,7.062500
39,5,1911,506,9,13,1.625000
39,6,558,465,35,128,3.703125
39,7,1129,423,45,122,7.593750
39,8,901,439,17,53,7.062500
39,9,937,443,17,47,6.062500
39,10,1298,417,31,90,7.843750
39,11,437,439,64,205,7.750000
39,12,62,714,145,61,3.640625
39,13,503,480,60,138,7.500000
39,14,496,421,50,94,7.468750
40,1,1602,392,81,236,8.500000
40,3,341,401,117,293,9.250000
40,4,689,440,58,169,7.250000
40,5,1912,509,8,10,1.218750
40,6,556,442,30,165,4.468750
40,7,1125,423,48,123,7.562500
40,8,901,441,18,51,7.062500
40,9,937,443,16,49,6.375000
40,10,1297,418,30,89,7.937500
40,11,416,438,82,207,7.593750
40,12,81,713,41,53,4.031250
40,13,501,480,58,139,7.781250
40,14,489,422,54,91,7.156250
41,1,1601,395,81,233,8.312500
41,3,341,401,121,295,8.812500
41,4,689,440,56,170,7.531250
41,5,1913,509,7,11,0.761719
41,6,550,439,38,172,4.187500
41,7,1123,424,49,124,7.656250
41,8,902,441,15,51,6.968750
41,9,937,443,16,50,6.593750
41,10,1296,418,31,91,8.000000
41,11,412,439,82,215,7.187500
41,12,102,714,42,49,4.093750
41,13,506,480,49,139,7.343750
41,14,483,423,53,179,6.812500
42,1,1600,395,80,235,8.187500
42,3,342,401,126,295,9.062500
42,4,685,438,57,172,7.343750
42,5,1913,509,7,12,0.531250
42,6,547,440,40,171,4.125000
42,7,1119,425,52,124,7.468750
42,8,902,442,16,52,7.156250
42,9,937,444,17,50,6.718750
42,10,1295,419,31,90,7.906250
42,11,412,440,76,214,7.156250
42,12,127,729,22,26,3.593750
42,13,505,481,48,139,7.468750
42,14,481,424,52,174,7.125000
43,1,1599,395,79,235,8.312500
43,3,341,402,131,294,9.062500
43,4,682,438,55,172,7.437500
43,5,1914,509,6,12,0.462891
43,6,532,443,56,184,4.093750
43,7,1115,426,52,124,7.531250
43,8,901,442,17,52,7.031250
43,9,936,444,17,50,6.875000
43,10,1294,420,31,89,8.000000
43,11,412,439,67,215,6.906250
43,12,173,721,32,43,3.546875
43,13,506,482,38,138,7.000000
43,14,479,423,55,175,7.468750
44,1,1596,396,81,235,7.937500
44,3,341,403,135,293,8.687500
44,4,681,439,49,172,7.031250
44,5,1914,511,6,12,0.229492
44,6,517,447,69,181,4.593750
44,7,1114,427,52,123,7.343750
44,8,900,443,17,51,6.812500
44,9,935,445,17,49,7.000000
44,10,1292,420,31,90,8.125000
44,11,409,439,61,216,6.218750
44,12,183,725,50,38,4.937500
44,13,504,484,36,134,6.812500
44,14,471,426,60,180,7.718750
45,1,1595,396,82,236,8.125000
45,3,342,403,138,293,8.437500
45,4,678,437,50,174,6.906250
45,5,1914,509,6,12,0.359375
45,6,509,443,81,186,4.687500
45,7,1109,428,55,122,7.531250
45,8,900,443,17,51,6.687500
45,9,935,445,17,49,6.937500
45,10,1292,420,30,90,8.000000
45,11,411,438,46,217,5.781250
45,12,210,725,47,35,5.156250
45,13,502,482,36,137,6.687500
45,14,469,425,61,182,7.906250
46,1,1595,397,79,235,7.937500
46,3,343,403,139,294,8.437500
46,4,674,437,48,174,6.937500
46,5,1914,510,6,12,0.125000
46,6,505,444,85,188,5.187500
46,7,1108,429,53,123,7.625000
46,8,900,443,17,52,6.781250
46,9,935,446,17,47,6.906250
46,10,1291,420,30,90,8.062500
46,11,410,439,27,217,5.156250
46,12,232,723,43,35,5.156250
46,13,499,483,36,139,7.312500
46,14,464,425,60,185,7.593750
47,1,1594,397,79,236,8.062500
47,3,344,403,141,294,7.968750
47,4,673,437,46,175,6.593750
47,6,506,450,80,183,5.125000
47,7,1106,429,53,124,7.812500
47,8,900,443,17,52,6.750000
47,9,933,447,20,47,6.812500
47,10,1291,420,29,90,8.125000
47,11,377,440,59,216,4.687500
47,12,245,718,43,38,5.093750
47,13,497,484,38,140,7.031250
47,14,467,428,52,182,7.406250
48,1,1593,398,77,236,7.875000
48,3,345,405,140,293,7.750000
48,4,668,450,50,163,6.937500
48,6,506,449,79,187,5.343750
48,7,1103,430,54,124,8.125000
48,8,899,445,18,51,6.468750
48,9,932,447,19,48,7.218750
48,10,1289,421,30,91,8.062500
48,11,374,556,62,101,5.343750
48,12,252,720,41,37,5.281250
48,13,491,482,42,145,7.312500
48,14,464,426,57,185,7.062500
49,1,1591,398,76,236,7.906250
49,3,346,406,140,293,8.125000
49,4,667,441,51,172,6.906250
49,6,506,450,79,187,5.937500
49,7,1102,431,53,123,7.937500
49,8,898,445,19,52,6.375000
49,9,932,448,19,48,7.125000
49,10,1288,422,30,91,8.125000
49,11,369,542,66,116,6.000000
49,12,252,726,46,33,5.750000
49,13,488,483,41,144,7.156250
49,14,464,426,51,186,6.687500
50,1,1590,397,74,239,7.656250
50,3,347,407,139,293,8.187500
50,4,667,442,50,173,7.062500
50,6,505,449,79,189,6.156250
50,7,1102,430,50,124,7.906250
50,8,899,446,18,52,6.062500
50,9,932,449,18,48,6.968750
50,10,1285,422,33,92,8.125000
50,11,354,536,80,125,6.312500
50,12,254,729,50,31,5.906250
50,13,486,485,39,142,7.093750
50,14,460,427,48,186,6.656250
51,1,1588,397,75,240,7.625000
51,3,349,408,138,294,8.312500
51,4,667,446,49,170,6.968750
51,6,505,449,78,190,6.312500
51,7,1100,430,50,125,7.625000
51,8,899,448,16,51,6.062500
51,9,931,450,19,48,6.718750
51,10,1284,424,32,91,7.843750
51,11,336,444,98,219,6.437500
51,12,253,731,52,30,6.187500
51,13,483,488,38,141,6.343750
51,14,458,427,49,187,6.781250
52,1,1587,395,74,243,7.593750
52,3,351,410,135,294,8.125000
52,4,665,448,50,170,6.718750
52,6,506,450,69,190,6.625000
52,7,1101,431,47,126,7.968750
52,8,898,449,19,52,6.468750
52,9,931,451,19,49,6.843750
52,10,1283,425,32,91,7.562500
52,11,325,447,108,217,6.656250
52,12,253,734,52,29,6.218750
52,13,484,489,33,142,6.687500
52,14,455,428,49,187,6.843750
53,1,1586,397,74,241,7.468750
53,3,352,410,134,294,8.187500
53,4,665,448,49,170,6.562500
53,6,505,450,67,191,6.937500
53,7,1102,432,45,126,7.812500
53,8,898,449,19,52,6.312500
53,9,931,452,19,48,6.875000
53,10,1282,426,32,91,7.531250
53,11,320,448,113,217,6.843750
53,12,253,733,52,30,5.781250
53,13,483,489,32,143,6.781250
53,14,453,427,47,187,7.000000
54,1,1584,396,74,243,7.437500
54,3,356,411,130,294,8.250000
54,4,664,449,45,171,6.562500
54,6,504,449,60,193,6.718750
54,7,1101,432,43,126,7.906250
54,8,898,450,19,52,6.437500
54,9,930,453,19,49,7.000000
54,10,1282,427,31,89,7.562500
54,11,314,450,117,217,7.187500
54,12,252,734,53,30,5.750000
54,13,481,490,30,143,6.812500
54,14,453,428,45,188,7.281250
55,1,1583,397,72,243,7.343750
55,3,373,412,113,294,7.937500
55,4,664,451,44,169,6.625000
55,6,495,447,64,196,6.843750
55,7,1100,433,42,126,7.781250
55,8,898,451,17,52,6.281250
55,9,929,456,18,47,6.906250
55,10,1280,429,32,91,7.781250
55,11,312,453,119,217,7.312500
55,12,252,736,53,29,5.187500
55,13,478,494,31,140,6.531250
55,14,451,428,45,189,7.187500
56,1,1582,398,72,242,7.625000
56,3,369,412,117,294,8.625000
56,4,663,455,45,165,6.625000
56,6,501,451,56,193,6.875000
56,7,1098,434,42,127,7.750000
56,8,898,452,17,51,6.343750
56,9,929,457,17,46,7.062500
56,10,1280,430,30,88,7.843750
56,11,314,453,117,219,7.375000
56,12,262,735,43,29,4.468750
56,13,479,493,30,142,5.781250
56,14,449,429,44,189,5.781250
57,1,1581,397,70,243,7.562500
57,3,372,413,114,293,8.562500
57,4,662,452,45,169,6.375000
57,6,485,449,69,195,7.000000
57,7,1092,436,46,127,7.500000
57,8,898,452,17,52,6.218750
57,9,928,458,18,46,6.437500
57,10,1277,429,33,91,7.625000
57,11,322,454,108,219,7.250000
57,12,253,743,52,23,3.093750
57,13,480,495,29,140,5.031250
57,14,439,430,52,188,5.562500
57,15,0,521,9,126,2.140625
58,1,1579,397,71,243,7.218750
58,3,374,413,112,293,7.843750
58,4,663,459,44,162,6.093750
58,6,476,448,76,197,6.812500
58,7,1087,436,49,127,7.187500
58,8,897,452,17,52,6.093750
58,9,928,459,17,44,6.593750
58,10,1276,429,32,91,7.500000
58,11,328,453,99,220,7.375000
58,12,246,745,50,22,3.968750
58,13,477,530,26,105,3.078125
58,14,440,432,53,185,4.437500
58,15,0,517,30,129,1.000000
59,1,1577,403,71,237,7.156250
59,3,379,413,107,292,7.687500
59,4,663,462,43,159,6.000000
59,6,475,448,76,196,6.937500
59,7,1084,437,50,127,7.093750
59,8,897,452,17,52,6.093750
59,9,927,458,19,45,6.531250
59,10,1275,429,32,91,7.281250
59,11,326,452,74,219,6.875000
59,12,252,736,48,30,5.750000
59,13,476,517,19,101,1.539062
59,14,442,434,48,181,3.500000
59,15,0,433,50,212,7.218750
60,1,1569,397,78,242,7.281250
60,3,376,412,114,293,7.656250
60,4,663,465,41,155,5.656250
60,6,469,445,78,202,6.875000
60,7,1084,437,48,127,7.093750
60,8,897,452,17,52,6.156250
60,9,926,457,21,46,6.562500
60,10,1274,429,33,91,7.375000
60,11,322,451,82,193,7.218750
60,12,252,736,49,30,6.531250
60,13,469,520,40,113,1.796875
60,14,442,434,16,30,0.640625
60,15,0,430,66,213,6.656250
61,1,1562,396,83,244,7.343750
61,3,374,412,115,292,7.906250
61,4,662,466,41,154,6.000000
61,6,470,446,74,200,7.187500
61,7,1084,437,47,127,7.218750
61,8,897,452,17,51,6.187500
61,9,925,457,22,46,6.562500
61,10,1273,428,32,92,7.437500
61,11,314,450,91,223,7.281250
61,12,252,736,50,30,5.812500
61,13,471,573,35,62,2.609375
61,15,0,430,73,212,6.375000
62,1,1553,398,89,242,7.406250
62,3,374,412,117,291,8.500000
62,4,662,472,37,147,5.781250
62,6,469,449,68,197,7.000000
62,7,1084,437,45,126,7.031250
62,8,897,451,17,52,6.281250
62,9,925,460,20,43,6.625000
62,10,1271,427,33,93,7.500000
62,11,313,449,91,224,7.250000
62,12,253,736,50,30,5.906250
62,13,478,593,27,42,3.031250
62,14,398,437,27,186,1.335938
62,15,0,431,74,212,6.718750
63,1,1548,398,92,241,7.468750
63,3,376,411,117,292,8.250000
63,4,661,471,33,146,5.531250
63,6,471,452,63,191,6.906250
63,7,1081,436,48,127,7.125000
63,8,898,452,14,50,6.437500
63,9,924,458,20,45,6.812500
63,10,1270,426,33,94,7.812500
63,11,309,448,84,226,7.218750
63,12,252,734,51,31,5.500000
63,13,476,591,28,44,3.531250
63,14,397,436,32,187,2.578125
63,15,0,430,79,212,6.437500
64,1,1543,397,96,242,7.375000
64,3,378,411,117,291,8.375000
64,4,661,475,27,141,4.656250
64,6,468,450,63,193,6.468750
64,7,1077,435,48,128,7.000000
64,8,896,450,16,52,6.375000
64,9,923,458,19,44,6.562500
64,10,1269,425,35,95,7.625000
64,11,310,453,71,220,6.125000
64,12,253,732,49,32,5.656250
64,13,473,530,30,105,3.140625
64,14,393,432,36,192,3.968750
64,15,0,431,87,211,6.125000
65,1,1542,401,95,238,7.250000
65,3,379,411,118,290,8.625000
65,4,661,473,23,144,3.906250
65,6,473,449,54,193,6.218750
65,7,1073,434,46,128,6.968750
65,8,896,450,17,51,6.281250
65,9,922,457,20,44,6.593750
65,10,1268,425,34,95,7.531250
65,11,315,470,43,201,2.015625
65,12,254,728,48,35,4.531250
65,13,479,525,30,109,3.484375
65,14,395,431,34,192,4.343750
65,15,0,429,88,212,6.281250
66,1,1541,402,93,237,7.093750
66,3,380,411,119,288,8.562500
66,4,660,473,17,144,2.843750
66,5,1914,510,6,25,0.632812
66,6,470,448,55,194,5.593750
66,7,1069,433,49,130,6.875000
66,8,895,449,18,53,6.375000
66,9,921,459,16,42,6.312500
66,10,1266,425,35,95,7.343750
66,11,287,456,52,217,1.734375
66,12,255,723,47,39,4.406250
66,13,479,525,27,109,2.718750
66,14,393,431,30,192,4.687500
66,15,0,430,87,212,6.343750
67,1,1540,401,92,239,7.125000
67,3,382,411,118,288,8.062500
67,4,658,479,13,138,0.382812
67,5,1913,510,7,26,0.992188
67,6,466,448,53,194,4.625000
67,7,1069,433,47,129,6.875000
67,8,894,450,19,51,6.218750
67,9,919,459,14,42,6.187500
67,10,1265,426,34,94,7.093750
67,11,284,456,61,216,3.953125
67,12,259,717,43,44,5.093750
67,13,448,527,57,107,2.218750
67,14,387,431,33,192,5.000000
67,15,4,423,79,219,6.093750
68,1,1541,401,89,239,7.343750
68,3,388,411,116,287,7.937500
68,5,1909,508,11,31,1.054688
68,6,462,447,49,192,3.640625
68,7,1067,431,47,131,6.875000
68,8,894,448,18,52,6.281250
68,9,919,459,13,41,6.437500
68,10,1265,426,34,94,7.187500
68,11,282,446,40,234,6.500000
68,12,267,709,37,50,5.375000
68,13,446,545,58,84,2.078125
68,14,382,429,42,193,5.687500
68,15,20,424,64,218,6.062500
69,1,1541,402,88,237,7.468750
69,3,389,409,115,289,7.781250
69,5,1904,506,16,46,1.164062
69,6,463,446,44,192,3.578125
69,7,1064,430,48,132,7.000000
69,8,895,447,17,53,5.937500
69,9,917,458,15,41,6.062500
69,10,1264,425,35,94,7.187500
69,11,275,446,47,232,6.875000
69,12,272,705,34,53,6.062500
69,13,476,539,28,81,3.156250
69,14,382,428,38,192,5.906250
69,15,27,422,63,219,6.312500
70,1,1540,402,88,238,7.500000
70,3,389,410,117,288,7.906250
70,5,1903,506,17,45,1.187500
70,6,469,448,35,190,2.796875
70,7,1061,431,47,132,7.125000
70,8,895,448,17,53,5.843750
70,9,916,458,16,42,6.250000
70,10,1263,425,35,95,7.187500
70,11,255,448,75,231,7.093750
70,12,284,699,35,53,5.625000
70,13,475,537,30,82,3.578125
70,14,379,427,47,194,5.687500
70,15,32,425,65,215,6.218750
71,1,1540,401,86,239,7.625000
71,3,394,410,116,288,8.125000
71,5,1901,506,19,46,1.171875
71,6,473,541,25,93,1.281250
71,7,1057,432,49,131,7.187500
71,8,894,448,17,53,5.531250
71,9,913,458,18,42,6.093750
71,10,1263,425,33,94,7.156250
71,11,240,449,100,230,7.687500
71,12,296,696,34,50,5.562500
71,13,475,541,24,92,3.640625
71,14,376,428,51,193,5.125000
71,15,39,425,76,216,6.500000
72,1,1539,400,87,240,8.000000
72,3,397,410,114,288,8.062500
72,5,1900,505,20,46,1.328125
72,6,426,538,72,95,1.007812
72,7,1052,433,52,131,7.343750
72,8,894,449,17,52,5.656250
72,9,911,458,18,42,6.531250
72,10,1261,425,34,94,7.375000
72,11,231,450,112,230,7.937500
72,12,302,693,43,49,5.562500
72,13,474,536,24,98,4.031250
72,14,381,429,31,54,3.046875
72,15,42,428,91,213,6.406250
73,1,1539,398,86,241,8.500000
73,3,400,410,111,288,7.937500
73,5,1898,505,22,46,1.468750
73,6,426,529,72,104,1.085938
73,7,1048,434,54,130,7.375000
73,8,893,448,18,53,5.593750
73,9,909,458,19,42,6.500000
73,10,1260,425,34,93,7.468750
73,11,225,451,118,230,7.843750
73,12,330,694,37,47,6.000000
73,13,474,527,24,106,4.281250
73,14,386,451,31,170,1.429688
73,15,44,429,109,212,6.343750
74,1,1536,397,89,242,8.250000
74,3,404,410,107,288,7.843750
74,5,1896,504,24,46,1.585938
74,6,394,463,96,184,2.234375
74,7,1041,434,58,130,7.468750
74,8,893,448,17,53,5.718750
74,9,908,458,19,42,6.312500
74,10,1258,424,35,94,7.500000
74,11,221,452,122,230,7.812500
74,12,348,696,28,40,5.281250
74,13,474,527,23,106,3.937500
74,15,45,431,122,209,6.531250
75,1,1534,395,90,243,8.250000
75,3,408,410,104,287,8.187500
75,5,1896,503,24,47,1.804688
75,6,422,596,74,49,0.953125
75,7,1037,433,59,131,7.437500
75,8,892,447,19,53,5.531250
75,9,908,458,19,41,6.343750
75,10,1257,424,35,93,7.562500
75,11,220,451,120,232,8.062500
75,12,367,717,13,13,0.714844
75,13,474,594,21,38,3.203125
75,14,348,460,26,166,0.535156
75,15,47,431,125,207,6.281250
76,1,1531,395,90,243,8.062500
76,3,410,410,101,287,8.375000
76,5,1895,502,25,47,1.953125
76,6,335,440,155,189,1.015625
76,7,1041,433,53,131,7.312500
76,8,892,447,18,52,5.437500
76,9,908,457,18,43,6.312500
76,10,1257,423,34,95,7.312500
76,11,220,451,117,232,8.062500
76,12,398,703,37,34,5.468750
76,13,474,599,18,33,2.515625
76,14,335,432,39,195,3.078125
76,15,46,431,130,208,6.437500
77,1,1528,394,89,244,8.125000
77,3,412,409,99,287,8.125000
77,5,1895,501,25,49,2.031250
77,6,329,431,55,213,1.515625
77,7,1035,434,57,130,7.375000
77,8,892,447,17,52,5.125000
77,9,907,458,18,42,6.187500
77,10,1256,422,34,96,7.406250
77,11,219,451,110,232,8.375000
77,12,415,701,41,35,6.218750
77,13,473,602,15,29,1.664062
77,14,328,430,53,195,5.062500
77,15,51,431,124,207,6.625000
78,1,1526,394,85,243,8.500000
78,3,417,409,94,288,8.437500
78,5,1894,500,26,47,2.421875
78,6,369,586,22,62,1.523438
78,7,1036,433,53,131,7.406250
78,8,890,448,18,51,4.812500
78,9,908,458,15,41,6.031250
78,10,1256,422,33,96,7.437500
78,11,219,450,99,233,8.500000
78,12,437,700,36,33,5.968750
78,13,471,602,13,26,1.039062
78,14,324,431,61,195,6.062500
78,15,56,429,118,208,6.437500
79,1,1523,394,87,244,8.625000
79,3,422,409,88,286,8.500000
79,5,1893,500,27,46,2.500000
79,6,363,575,32,76,1.757812
79,7,1033,431,53,132,7.468750
79,8,891,448,18,51,4.718750
79,9,906,457,14,41,5.937500
79,10,1255,422,33,95,7.593750
79,11,218,450,88,233,8.187500
79,12,448,696,36,34,5.687500
79,13,470,600,9,29,0.492188
79,14,323,431,61,196,6.250000
79,15,67,428,107,205,6.281250
80,1,1521,393,87,244,8.375000
80,3,426,408,82,285,8.375000
80,5,1891,498,29,50,2.609375
80,6,363,594,35,59,2.203125
80,7,1035,429,49,134,7.093750
80,8,891,448,16,50,4.187500
80,9,901,455,17,43,6.312500
80,10,1253,423,35,95,7.281250
80,11,215,449,77,233,8.250000
80,12,454,694,36,36,6.062500
80,14,321,431,60,199,6.156250
80,15,83,426,90,207,6.281250
81,1,1520,393,86,245,8.500000
81,3,428,408,80,283,7.781250
81,5,1890,497,30,50,2.828125
81,6,306,430,91,222,2.343750
81,7,1034,428,48,135,7.375000
81,8,891,447,17,51,3.515625
81,9,900,455,17,43,6.125000
81,10,1254,422,32,95,7.718750
81,11,209,447,70,235,7.906250
81,12,456,696,38,34,6.937500
81,14,309,431,68,199,6.812500
81,15,96,425,78,208,6.312500
82,1,1517,393,86,245,8.062500
82,3,430,408,79,286,7.656250
82,5,1889,497,31,51,2.968750
82,6,360,447,50,206,3.203125
82,7,1034,428,46,134,7.593750
82,8,890,447,18,50,1.882812
82,9,894,451,19,46,5.718750
82,10,1251,422,35,95,7.343750
82,11,197,447,67,235,7.968750
82,12,458,700,37,30,7.781250
82,14,316,429,58,200,7.000000
82,15,115,424,60,208,6.531250
83,1,1515,393,86,247,8.062500
83,3,430,407,78,289,7.125000
83,5,1888,496,32,52,3.203125
83,6,347,446,66,207,3.250000
83,7,1032,429,46,133,7.656250
83,8,890,447,17,50,2.062500
83,9,893,450,19,47,5.562500
83,10,1250,423,34,94,7.656250
83,11,187,447,70,235,7.843750
83,12,458,702,38,28,7.875000
83,14,302,429,68,201,6.750000
83,15,121,426,57,206,6.250000
84,1,1514,394,84,247,7.937500
84,3,431,407,77,282,6.375000
84,5,1889,496,31,50,3.265625
84,6,349,446,75,207,3.875000
84,7,1030,429,46,135,7.593750
84,8,893,446,13,49,1.734375
84,9,893,450,18,48,5.562500
84,10,1249,423,34,94,7.781250
84,11,182,447,74,234,7.843750
84,12,458,702,38,28,7.343750
84,14,309,428,54,201,6.781250
84,15,129,428,54,204,6.062500
85,1,1513,394,84,247,8.312500
85,3,431,407,77,282,6.375000
85,5,1887,495,33,55,3.500000
85,6,362,445,70,208,3.953125
85,7,1030,429,45,135,7.531250
85,8,893,446,13,47,1.812500
85,9,892,450,18,48,5.718750
85,10,1249,423,33,94,7.906250
85,11,174,448,82,234,7.843750
85,12,457,701,39,29,7.031250
85,14,302,428,66,201,6.937500
85,15,133,427,54,205,6.156250
86,1,1512,394,83,248,8.125000
86,3,381,407,126,283,6.187500
86,5,1888,494,32,51,3.687500
86,6,355,444,72,209,3.812500
86,7,1024,429,48,134,7.375000
86,8,895,446,12,45,1.710938
86,9,890,450,19,47,5.218750
86,10,1247,422,34,95,7.906250
86,11,150,445,105,237,7.312500
86,12,457,700,39,29,7.156250
86,14,306,427,58,202,6.906250
86,15,136,430,55,201,5.750000
87,1,1511,394,81,247,7.937500
87,3,383,407,125,282,6.156250
87,5,1887,493,33,53,3.750000
87,6,349,442,65,210,3.875000
87,7,1019,430,52,133,7.406250
87,8,890,445,17,51,1.515625
87,9,887,450,21,47,5.187500
87,10,1247,422,32,95,8.062500
87,11,128,449,127,234,7.500000
87,12,456,700,40,29,7.281250
87,14,300,426,54,203,6.687500
87,15,136,431,62,200,4.312500
88,1,1510,393,80,247,7.687500
88,3,384,407,120,270,5.875000
88,5,1885,492,35,53,3.968750
88,6,346,441,56,211,4.000000
88,7,1018,429,50,134,7.093750
88,8,896,445,13,49,1.828125
88,9,885,450,23,46,4.968750
88,10,1246,421,33,95,7.781250
88,11,116,449,139,233,7.750000
88,12,457,699,39,28,5.718750
88,13,412,579,25,58,1.226562
88,14,298,425,52,203,6.593750
88,15,136,431,71,199,3.984375
89,1,1508,394,80,247,7.812500
89,3,383,406,82,280,6.468750
89,4,559,500,18,116,0.828125
89,5,1883,491,37,53,4.218750
89,6,336,441,58,211,3.968750
89,7,1019,429,47,134,7.187500
89,8,896,445,15,49,2.640625
89,9,882,450,26,45,5.093750
89,10,1245,419,33,96,7.843750
89,11,106,451,148,232,7.875000
89,12,472,700,25,25,4.343750
89,13,410,576,25,62,2.031250
89,14,291,424,55,203,6.843750
89,15,184,432,50,99,4.625000
90,1,1507,395,78,246,7.718750
90,3,382,406,84,288,6.593750
90,4,542,490,34,130,2.468750
90,5,1881,491,39,54,4.250000
90,6,320,442,73,210,3.812500
90,7,1018,430,47,134,7.218750
90,8,892,445,17,49,2.531250
90,9,882,449,26,47,5.187500
90,10,1243,419,34,97,7.937500
90,11,101,453,153,232,8.062500
90,12,455,703,27,25,3.781250
90,13,409,563,25,76,2.343750
90,14,281,426,62,202,7.000000
90,15,185,432,56,100,5.187500
91,1,1506,394,77,247,7.750000
91,3,382,406,89,287,6.968750
91,4,530,491,44,131,3.875000
91,5,1880,490,40,55,4.281250
91,6,304,442,89,210,4.093750
91,7,1015,429,49,134,7.031250
91,8,894,444,12,39,2.984375
91,9,882,451,25,45,5.187500
91,10,1243,419,33,97,7.687500
91,11,100,456,152,229,8.125000
91,12,456,702,35,26,7.062500
91,13,409,554,23,85,3.078125
91,14,266,426,72,202,7.187500
91,15,185,431,66,191,6.187500
92,1,1504,393,76,247,8.000000
92,3,382,406,81,287,7.468750
92,4,531,460,45,162,4.531250
92,5,1879,489,31,46,4.281250
92,6,289,443,104,211,4.375000
92,7,1012,428,48,134,7.406250
92,8,891,444,18,51,3.250000
92,9,881,451,23,44,5.500000
92,10,1242,418,33,98,7.687500
92,11,99,459,150,227,8.437500
92,12,456,700,37,28,8.437500
92,13,403,529,29,110,3.828125
92,14,251,426,83,202,7.000000
92,15,181,428,72,195,6.343750
93,1,1502,392,75,248,7.968750
93,3,381,405,83,287,7.281250
93,4,534,455,42,167,4.750000
93,5,1877,487,33,45,4.281250
93,6,289,443,104,209,4.468750
93,7,1009,427,47,135,7.562500
93,8,891,444,17,50,3.343750
93,9,879,451,21,44,5.687500
93,10,1241,418,33,98,7.843750
93,11,100,449,145,237,8.312500
93,12,456,701,38,26,7.906250
93,13,409,530,24,108,4.125000
93,14,243,427,87,202,6.656250
93,15,181,426,77,196,6.437500
94,1,1500,391,73,249,8.062500
94,3,380,405,88,287,7.531250
94,4,538,452,36,170,4.875000
94,5,1876,487,34,43,4.343750
94,6,283,445,109,209,4.437500
94,7,1004,426,48,136,7.656250
94,8,889,444,18,50,3.515625
94,9,876,452,23,43,5.718750
94,10,1240,418,33,98,7.843750
94,11,99,448,138,238,8.687500
94,12,456,699,39,28,7.718750
94,13,402,529,30,110,4.312500
94,14,239,428,103,201,6.781250
94,15,184,424,75,197,6.406250
95,1,1498,390,71,249,7.937500
95,3,380,405,92,288,7.593750
95,4,539,454,34,163,4.968750
95,5,1875,486,31,44,4.375000
95,6,283,445,109,211,4.375000
95,7,1001,426,49,136,7.343750
95,8,888,443,17,51,3.781250
95,9,875,451,20,43,5.625000
95,10,1239,417,33,98,7.562500
95,11,98,446,126,240,8.625000
95,12,456,698,39,28,7.687500
95,13,407,551,25,87,4.468750
95,14,238,428,103,202,6.687500
95,15,196,423,63,199,6.500000
96,1,1496,388,71,251,8.062500
96,3,380,405,93,287,7.593750
96,4,537,449,36,165,5.031250
96,5,1874,486,30,43,4.437500
96,6,274,446,117,211,4.906250
96,7,996,425,52,137,7.343750
96,8,888,443,18,51,3.953125
96,9,873,451,20,44,5.437500
96,10,1238,416,34,100,7.562500
96,11,98,446,113,240,8.375000
96,12,456,696,39,30,6.750000
96,13,390,522,41,116,4.906250
96,14,235,428,106,203,6.906250
96,15,202,422,57,200,5.906250
97,1,1493,387,71,251,8.000000
97,3,380,405,96,287,7.656250
97,4,537,450,37,156,5.187500
97,5,1872,485,30,44,4.687500
97,6,270,446,117,212,4.500000
97,7,993,425,53,138,7.468750
97,8,887,443,20,51,4.093750
97,9,872,452,18,42,5.156250
97,10,1238,418,32,98,7.625000
97,11,98,444,99,242,7.906250
97,12,456,693,39,31,6.937500
97,13,388,521,43,117,5.093750
97,14,237,429,102,201,6.500000
97,15,212,420,48,206,5.031250
98,1,1491,387,71,251,7.812500
98,3,380,405,98,287,7.687500
98,4,538,450,34,133,4.937500
98,5,1872,484,29,44,5.031250
98,6,267,445,117,212,4.468750
98,7,988,425,56,138,7.718750
98,8,886,442,20,52,4.281250
98,9,870,453,17,41,5.562500
98,10,1237,417,32,99,7.750000
98,11,92,443,89,243,8.250000
98,12,456,690,40,33,6.937500
98,13,386,518,45,119,5.343750
98,14,230,428,104,203,6.593750
98,15,215,420,66,204,3.984375
99,1,1489,386,71,251,7.656250
99,3,380,404,102,287,7.562500
99,4,534,447,40,142,4.593750
99,5,1871,482,29,46,5.062500
99,6,259,445,117,212,4.406250
99,7,988,425,53,138,7.625000
99,8,887,441,19,52,4.437500
99,9,867,449,19,44,5.812500
99,10,1236,417,32,98,7.750000
99,11,81,442,84,243,7.843750
99,12,458,687,39,35,7.062500
99,13,384,516,45,121,5.531250
99,14,230,422,96,208,6.718750
99,15,216,422,78,201,2.437500
100,1,1486,386,72,251,7.625000
100,3,379,405,110,286,7.718750
100,4,535,450,39,143,3.609375
100,5,1871,482,28,45,5.375000
100,6,262,444,104,213,4.562500
100,7,988,427,51,137,7.625000
100,8,887,441,19,53,4.500000
100,9,865,448,21,45,5.843750
100,10,1235,417,33,98,7.781250
100,11,79,442,66,244,8.125000
100,12,461,679,35,42,7.593750
100,13,385,520,43,118,5.250000
100,14,228,423,61,208,6.656250
100,15,223,421,56,202,2.140625
101,1,1483,386,73,251,7.625000
101,3,381,404,114,286,7.562500
101,4,544,454,29,132,1.343750
101,5,1870,482,26,43,5.687500
101,6,263,443,91,213,4.906250
101,7,983,428,53,135,7.625000
101,8,886,441,20,52,4.656250
101,9,862,448,22,43,6.062500
101,10,1234,417,33,98,7.906250
101,11,75,442,66,246,7.875000
101,12,467,672,32,46,7.781250
101,13,377,515,50,123,5.437500
101,14,227,424,57,207,5.968750
101,15,229,422,56,207,2.125000
102,1,1482,385,73,252,7.750000
102,3,383,404,114,287,7.656250
102,4,541,452,29,53,0.333984
102,5,1870,481,26,44,5.843750
102,6,267,443,80,213,5.312500
102,7,981,427,53,137,7.593750
102,8,886,441,20,52,4.781250
102,9,861,447,23,44,6.187500
102,10,1234,417,33,97,7.937500
102,11,70,442,71,247,7.812500
102,12,471,670,28,48,8.250000
102,13,371,517,56,121,5.593750
102,14,226,427,56,203,6.656250
102,15,260,422,76,187,3.203125
103,1,1482,385,71,251,7.750000
103,3,385,404,112,286,7.437500
103,5,1869,480,27,47,5.968750
103,6,267,441,67,215,5.218750
103,7,980,427,52,137,7.593750
103,8,887,441,19,51,5.000000
103,9,860,446,21,45,6.281250
103,10,1233,416,33,97,7.968750
103,11,45,442,96,247,7.656250
103,12,479,662,29,49,7.812500
103,13,362,517,66,121,5.937500
103,14,225,425,56,205,6.625000
103,15,267,423,73,190,4.156250
104,1,1480,385,72,252,7.906250
104,3,381,405,115,285,7.687500
104,5,1867,480,29,46,5.968750
104,6,266,436,54,220,5.281250
104,7,972,428,57,136,7.468750
104,8,887,441,19,51,5.187500
104,9,860,446,20,45,6.406250
104,10,1232,416,33,98,7.625000
104,11,21,444,120,245,7.531250
104,12,491,661,25,46,7.968750
104,13,354,505,73,133,6.437500
104,14,220,425,50,204,6.812500
104,15,265,422,78,192,4.031250
105,1,1476,386,73,250,7.750000
105,3,382,405,114,285,7.937500
105,5,1866,480,31,46,6.093750
105,6,256,439,62,216,5.187500
105,7,966,427,61,138,7.312500
105,8,887,441,19,52,5.375000
105,9,859,447,20,45,6.375000
105,10,1231,415,33,100,7.500000
105,11,4,445,136,243,7.375000
105,12,503,659,26,46,7.250000
105,13,352,491,75,147,6.906250
105,14,213,426,52,203,6.562500
105,15,279,422,65,192,4.312500
106,1,1473,386,74,251,7.656250
106,3,383,404,112,285,7.750000
106,4,515,440,24,187,1.828125
106,5,1865,481,29,44,6.000000
106,6,251,440,62,215,5.250000
106,7,967,427,58,138,7.250000
106,8,888,441,16,51,5.281250
106,9,854,447,24,44,6.500000
106,10,1230,416,33,98,7.437500
106,11,0,444,140,244,7.406250
106,12,515,662,26,41,7.093750
106,13,352,488,74,152,6.718750
106,14,210,427,50,202,6.093750
106,15,286,421,57,193,4.937500
107,1,1467,386,78,251,7.687500
107,3,381,404,114,286,7.843750
107,4,502,439,44,190,3.937500
107,5,1864,481,28,44,6.187500
107,6,234,441,78,214,5.343750
107,7,968,427,54,137,7.312500
107,8,888,441,16,51,5.500000
107,9,848,447,30,45,6.750000
107,10,1229,416,33,100,7.593750
107,11,0,443,138,248,7.562500
107,12,528,665,21,36,4.531250
107,13,351,487,74,153,6.968750
107,14,206,427,48,205,6.250000
107,15,291,420,52,194,4.875000
108,1,1456,387,87,252,7.968750
108,3,384,405,110,285,7.718750
108,4,500,435,47,195,5.562500
108,5,1863,482,27,43,6.250000
108,6,217,443,95,213,5.375000
108,7,966,427,53,138,7.312500
108,8,888,442,18,52,5.625000
108,9,847,449,30,44,6.843750
108,10,1228,417,33,99,7.656250
108,11,0,447,138,245,7.218750
108,13,351,488,74,153,6.656250
108,14,199,425,52,209,6.218750
108,15,288,419,55,196,5.343750
109,1,1448,390,93,250,8.000000
109,3,386,405,109,286,7.750000
109,4,494,441,53,190,5.968750
109,5,1861,484,28,41,6.468750
109,6,206,444,106,213,5.187500
109,7,962,427,54,140,7.531250
109,8,888,442,17,52,5.562500
109,9,849,451,28,43,6.406250
109,10,1228,418,32,99,7.656250
109,11,0,448,137,245,7.375000
109,12,566,673,29,28,4.062500
109,13,351,487,71,155,6.593750
109,14,190,426,67,208,6.125000
109,15,284,418,59,197,5.187500
109,16,1914,526,6,20,0.136719
110,1,1441,391,98,250,8.312500
110,3,386,406,108,286,7.812500
110,4,490,444,56,188,6.343750
110,5,1861,485,27,41,6.593750
110,6,203,446,108,211,5.343750
110,7,962,427,52,141,7.562500
110,8,888,443,16,51,5.687500
110,9,849,452,27,42,6.281250
110,10,1227,419,33,98,7.687500
110,11,0,450,132,244,7.593750
110,12,578,674,34,29,7.312500
110,13,348,487,70,155,6.593750
110,14,175,430,85,203,6.250000
110,15,293,417,51,198,5.187500
110,16,1914,526,6,22,0.231445
111,1,1435,392,102,250,7.812500
111,3,387,406,108,287,7.750000
111,4,484,446,63,186,6.750000
111,5,1860,485,29,41,6.750000
111,6,202,446,109,214,5.500000
111,7,962,427,50,141,7.500000
111,8,888,443,16,51,5.718750
111,9,848,453,28,42,6.093750
111,10,1225,421,34,97,7.625000
111,11,0,449,125,245,7.625000
111,12,593,671,32,29,7.437500
111,13,345,488,66,154,6.562500
111,14,163,432,96,201,6.250000
111,15,296,417,50,199,5.375000
111,16,1913,526,7,24,0.984375
112,1,1433,396,100,248,7.750000
112,3,389,406,107,288,7.843750
112,4,477,448,68,186,6.937500
112,5,1856,486,30,42,6.843750
112,6,200,446,108,215,5.593750
112,7,962,428,47,141,7.656250
112,8,886,443,18,53,5.875000
112,9,845,455,28,41,6.500000
112,10,1224,422,34,98,7.687500
112,11,0,448,114,246,7.437500
112,12,600,669,30,30,7.500000
112,13,341,488,62,156,6.656250
112,14,155,433,103,201,6.218750
112,15,297,419,53,198,5.156250
112,16,1912,526,8,24,1.632812
113,1,1432,395,99,250,7.718750
113,3,390,407,108,288,7.906250
113,4,475,445,70,190,7.218750
113,5,1854,488,30,42,6.906250
113,6,200,446,106,216,5.656250
113,7,957,430,50,142,7.562500
113,8,886,444,18,53,6.156250
113,9,843,454,28,42,6.187500
113,10,1223,423,34,99,7.750000
113,11,0,449,99,245,7.406250
113,12,604,673,30,27,7.750000
113,13,338,489,59,154,6.875000
113,14,151,433,105,204,6.218750
113,15,296,421,63,196,5.218750
113,16,1911,523,9,29,2.765625
114,1,1432,395,97,252,8.125000
114,3,393,408,106,287,7.812500
114,4,475,447,70,189,7.062500
114,5,1853,488,32,41,7.062500
114,6,200,446,101,216,5.718750
114,7,952,431,53,142,7.468750
114,8,885,445,17,53,6.000000
114,9,841,455,27,41,5.750000
114,10,1222,423,34,100,7.468750
114,11,0,446,85,249,7.843750
114,12,604,674,34,26,8.312500
114,13,335,490,53,153,6.718750
114,14,148,435,67,204,6.031250
114,15,296,422,69,195,5.156250
114,16,1909,523,11,31,3.375000
115,1,1433,395,95,253,8.250000
115,3,398,407,101,290,7.906250
115,4,474,448,70,189,7.250000
115,5,1851,489,32,39,6.562500
115,6,200,445,91,217,5.593750
115,7,946,433,59,140,7.812500
115,8,887,445,16,53,6.093750
115,9,839,456,25,40,6.000000
115,10,1221,424,35,99,7.437500
115,11,0,445,70,250,7.187500
115,12,604,676,33,25,8.562500
115,13,338,492,48,152,6.687500
115,14,147,434,65,206,5.968750
115,15,294,423,97,194,4.906250
115,16,1908,513,12,42,4.375000
116,1,1432,396,95,253,8.125000
116,3,400,407,99,290,7.937500
116,4,474,449,71,188,7.093750
116,5,1850,490,30,36,6.375000
116,6,196,447,84,215,5.875000
116,7,945,434,56,140,7.843750
116,8,886,445,16,53,6.312500
116,9,838,453,22,43,5.906250
116,10,1220,424,35,99,7.531250
116,11,0,445,52,249,6.437500
116,12,603,675,33,26,8.562500
116,13,335,494,46,152,6.812500
116,14,147,434,59,206,6.312500
116,15,294,424,104,193,5.156250
116,16,1907,512,13,44,4.750000
117,1,1432,398,94,251,8.000000
117,3,401,407,97,290,7.687500
117,4,474,447,70,190,6.812500
117,5,1848,491,29,35,5.937500
117,6,187,446,82,217,5.843750
117,7,946,438,53,137,7.562500
117,8,887,446,15,52,6.187500
117,9,835,452,21,46,5.812500
117,10,1219,425,36,99,7.468750
117,11,0,450,33,245,5.687500
117,12,603,676,33,26,7.843750
117,13,333,492,49,156,6.593750
117,14,146,435,55,205,6.125000
117,15,298,425,104,191,5.031250
117,16,1905,512,15,45,5.187500
118,1,1431,398,95,252,8.125000
118,3,402,407,96,290,7.843750
118,4,474,447,70,191,7.000000
118,5,1848,491,28,32,6.031250
118,6,185,445,77,218,5.812500
118,7,945,437,54,139,7.531250
118,8,887,447,14,52,6.312500
118,9,834,451,20,47,5.718750
118,10,1219,425,35,99,7.500000
118,11,0,453,26,242,5.593750
118,12,602,676,34,26,8.187500
118,13,327,492,51,156,6.750000
118,14,145,434,52,206,6.000000
118,15,301,425,104,191,5.125000
118,16,1904,511,16,46,5.687500
119,1,1431,399,94,251,7.843750
119,3,405,408,93,290,7.843750
119,4,474,446,69,192,7.125000
119,5,1848,492,27,32,6.156250
119,6,181,444,69,219,5.843750
119,7,943,440,54,136,7.406250
119,8,887,446,16,54,6.250000
119,9,832,453,19,46,5.656250
119,10,1218,425,35,100,7.531250
119,11,0,486,23,209,4.718750
119,12,604,676,32,26,8.250000
119,13,319,494,56,155,7.000000
119,14,139,434,53,207,5.875000
119,15,309,425,99,187,4.906250
119,16,1904,512,16,45,5.843750
120,1,1431,399,94,252,7.781250
120,3,408,408,90,290,7.906250
120,4,474,447,66,191,7.000000
120,5,1848,493,26,31,6.218750
120,6,174,443,62,221,5.875000
120,7,937,436,60,141,7.562500
120,8,887,448,14,52,6.281250
120,9,831,455,20,45,5.781250
120,10,1217,425,35,101,7.531250
120,11,0,494,23,202,4.281250
120,12,608,676,28,26,6.062500
120,13,310,494,65,154,6.843750
120,14,131,432,56,209,5.843750
120,15,320,425,89,187,4.562500
120,16,1903,512,17,46,6.718750
121,1,1429,399,94,253,7.875000
121,3,410,408,90,291,8.250000
121,4,473,447,60,192,6.937500
121,5,1847,494,26,30,5.937500
121,6,168,446,65,218,5.937500
121,7,936,440,55,137,7.531250
121,8,885,448,16,53,6.250000
121,9,829,457,22,42,5.656250
121,10,1216,426,35,100,7.531250
121,11,0,567,22,129,4.093750
121,12,603,680,32,22,4.000000
121,13,304,493,71,153,7.062500
121,14,132,431,51,211,5.875000
121,15,342,425,69,187,4.656250
121,16,1901,512,19,47,7.093750
122,1,1426,399,93,253,7.968750
122,3,413,409,89,290,8.125000
122,4,475,448,54,191,6.593750
122,5,1847,495,25,29,5.937500
122,6,159,446,72,220,5.718750
122,7,933,438,51,139,7.468750
122,8,886,449,15,52,6.281250
122,9,829,458,21,42,5.000000
122,10,1216,427,35,100,7.312500
122,11,0,601,22,95,3.796875
122,12,600,685,28,19,5.687500
122,13,300,493,74,155,7.250000
122,14,132,428,47,214,5.750000
122,15,346,424,65,189,4.656250
122,16,1903,513,17,46,1.000000
123,1,1425,398,90,254,8.125000
123,3,415,409,88,290,8.437500
123,4,473,451,49,188,6.218750
123,5,1845,496,26,31,5.687500
123,6,143,447,88,219,6.125000
123,7,928,438,50,140,7.468750
123,8,883,448,19,53,6.500000
123,9,828,461,20,38,4.718750
123,10,1214,425,37,102,7.250000
123,11,0,629,21,67,4.000000
123,12,602,679,36,25,8.125000
123,13,296,492,77,158,7.375000
123,14,127,427,50,215,5.906250
123,15,348,422,64,190,4.500000
123,16,1898,513,22,46,6.406250
124,1,1422,398,91,254,7.937500
124,3,417,409,87,290,8.250000
124,4,474,451,39,188,5.687500
124,5,1846,496,24,28,5.875000
124,6,129,448,102,219,6.312500
124,7,923,439,52,139,7.500000
124,8,883,447,18,54,6.687500
124,9,828,463,19,35,4.531250
124,10,1214,426,37,102,7.312500
124,11,0,634,20,63,3.843750
124,12,601,678,33,25,9.125000
124,13,296,493,76,156,7.531250
124,14,112,428,55,213,5.906250
124,15,357,421,61,191,3.984375
124,16,1897,511,23,48,6.062500
125,1,1419,397,92,255,7.687500
125,3,421,409,83,290,8.062500
125,4,474,455,31,184,5.156250
125,5,1846,495,24,29,6.062500
125,6,119,448,111,220,6.156250
125,7,931,440,42,138,7.125000
125,8,883,447,19,54,6.406250
125,9,826,463,15,28,3.046875
125,10,1214,427,36,101,7.093750
125,11,0,643,19,54,3.734375
125,12,601,677,36,26,7.968750
125,13,295,493,75,157,7.406250
125,14,96,428,65,213,5.718750
125,15,366,421,58,191,4.031250
125,16,1897,511,23,48,5.812500
126,1,1416,398,91,253,7.687500
126,3,421,409,84,290,8.250000
126,4,475,454,29,185,4.906250
126,5,1845,494,22,30,5.968750
126,6,108,449,122,219,6.375000
126,7,927,438,44,141,7.375000
126,8,882,446,18,55,6.656250
126,9,826,463,12,25,1.140625
126,10,1212,427,38,101,7.375000
126,11,0,656,19,40,3.687500
126,12,602,677,32,26,8.687500
126,13,293,493,73,157,7.468750
126,14,80,428,90,214,6.250000
126,15,372,421,69,190,4.062500
126,16,1896,510,24,48,5.718750
127,1,1415,398,88,255,7.812500
127,3,423,409,82,290,8.250000
127,4,474,453,30,186,4.750000
127,5,1844,494,23,29,5.625000
127,6,100,449,129,220,6.218750
127,7,923,435,45,144,7.250000
127,8,883,447,17,53,6.437500
127,10,1213,427,36,100,7.468750
127,11,0,661,16,32,3.375000
127,12,602,676,32,26,7.781250
127,13,293,493,62,158,7.312500
127,14,67,429,105,214,6.406250
127,15,375,422,72,189,4.031250
127,16,1894,509,26,49,5.750000
128,1,1413,398,87,255,7.812500
128,3,423,409,81,289,7.812500
128,4,475,450,29,188,4.531250
128,5,1843,494,23,28,5.468750
128,6,95,450,133,221,6.375000
128,7,909,433,56,146,7.125000
128,8,880,447,19,53,6.281250
128,10,1212,427,37,99,7.500000
128,11,0,665,11,22,2.640625
128,12,602,675,32,27,7.625000
128,13,290,492,60,159,7.218750
128,14,55,430,118,214,6.218750
128,15,379,423,71,187,4.062500
128,16,1893,509,27,48,5.593750
129,1,1412,397,85,257,7.750000
129,3,424,408,81,290,7.718750
129,4,427,451,77,187,4.906250
129,5,1842,494,24,26,5.406250
129,6,90,451,135,220,6.437500
129,7,915,435,48,144,7.062500
129,8,881,446,19,53,6.187500
129,10,1211,427,37,99,7.468750
129,12,601,673,32,28,7.562500
129,13,287,491,57,159,7.250000
129,14,49,432,123,212,6.531250
129,15,378,424,66,186,4.343750
129,16,1891,507,29,50,5.656250
130,1,1410,397,82,258,7.718750
130,3,426,408,78,290,7.812500
130,4,419,461,80,177,5.312500
130,5,1841,495,24,28,4.531250
130,6,86,451,135,220,6.468750
130,7,902,434,58,146,7.281250
130,8,880,448,16,51,5.500000
130,10,1209,426,38,100,7.375000
130,12,602,670,30,30,7.500000
130,13,283,490,53,161,7.125000
130,14,49,432,123,214,6.656250
130,15,379,425,58,186,3.796875
130,16,1890,506,25,51,5.718750
131,1,1408,396,80,258,8.000000
131,3,425,408,80,290,7.968750
131,4,411,462,86,176,5.656250
131,5,1841,493,23,29,4.375000
131,6,83,448,129,223,6.937500
131,7,894,435,64,146,7.156250
131,8,880,447,17,52,5.687500
131,10,1208,424,40,103,7.343750
131,12,602,665,31,34,7.875000
131,13,279,490,52,160,7.437500
131,14,45,433,86,213,6.593750
131,15,379,425,62,185,3.906250
131,16,1890,506,24,50,5.906250
132,1,1406,396,79,259,7.562500
132,3,428,407,76,291,7.625000
132,4,406,460,91,179,5.593750
132,5,1840,492,22,29,3.625000
132,6,84,448,116,222,6.750000
132,7,909,434,45,147,7.000000
132,8,881,447,17,59,4.843750
132,10,1208,423,39,104,7.093750
132,12,605,660,29,37,8.187500
132,13,276,490,51,159,7.343750
132,14,42,432,81,214,6.375000
132,15,383,425,64,185,3.671875
132,16,1890,504,23,52,5.937500
133,1,1406,397,76,258,7.500000
133,3,431,408,74,289,7.843750
133,4,405,461,92,179,5.468750
133,5,1839,492,21,29,3.593750
133,6,81,447,107,223,6.687500
133,7,907,434,43,146,7.031250
133,8,882,447,18,63,4.500000
133,10,1207,422,39,105,6.875000
133,12,611,655,23,41,7.562500
133,13,269,490,54,160,7.406250
133,14,43,432,74,214,6.343750
133,15,389,424,64,184,3.531250
133,16,1888,504,23,52,6.125000
134,1,1405,397,76,257,7.656250
134,3,431,408,73,289,7.875000
134,4,404,463,94,177,5.750000
134,5,1839,492,20,28,3.390625
134,6,73,446,110,224,7.250000
134,7,906,433,41,147,7.187500
134,8,882,447,16,63,4.500000
134,10,1207,422,38,104,7.125000
134,12,613,651,27,44,8.375000
134,13,269,490,53,160,7.562500
134,14,43,432,70,213,6.500000
134,15,393,423,61,181,3.656250
134,16,1888,504,23,51,6.093750
135,1,1403,397,76,257,7.781250
135,3,433,407,71,290,7.968750
135,4,402,470,50,170,5.187500
135,5,1839,490,20,29,4.093750
135,6,63,445,105,224,6.937500
135,7,905,432,39,147,7.156250
135,8,882,446,18,64,3.609375
135,10,1207,422,37,102,7.187500
135,12,622,646,24,43,6.906250
135,13,257,490,61,160,7.406250
135,14,43,433,61,212,6.343750
135,15,404,420,53,180,3.250000
135,16,1887,502,23,53,6.718750
136,1,1402,398,74,257,7.656250
136,3,429,407,81,290,7.781250
136,4,401,421,54,219,5.687500
136,5,1839,477,25,46,3.437500
136,6,55,445,97,225,6.593750
136,7,893,430,47,150,6.906250
136,8,881,444,16,64,1.820312
136,10,1206,422,37,102,7.125000
136,12,632,644,22,40,7.687500
136,13,250,491,68,158,7.375000
136,14,42,433,55,212,6.187500
136,15,416,421,41,170,1.179688
136,16,1885,502,23,53,6.625000
137,1,1401,398,74,257,7.687500
137,3,429,407,89,289,7.687500
137,4,400,445,53,195,5.843750
137,5,1835,474,35,44,2.906250
137,6,48,444,99,225,6.156250
137,7,882,428,55,151,6.718750
137,8,881,444,16,58,1.187500
137,10,1205,421,38,105,7.062500
137,12,642,642,22,40,7.062500
137,13,242,491,75,157,7.312500
137,14,42,433,54,211,6.093750
137,15,426,422,30,109,0.265625
137,16,1884,502,23,52,6.468750
138,1,1399,398,72,257,7.531250
138,3,436,407,90,289,7.687500
138,4,401,443,53,196,6.343750
138,5,1834,472,13,8,1.718750
138,6,41,443,105,225,6.125000
138,7,882,427,52,151,6.656250
138,8,880,442,15,59,0.458984
138,10,1205,422,36,103,6.937500
138,12,654,644,22,37,6.468750
138,13,236,490,80,160,7.218750
138,14,36,436,58,208,6.125000
138,15,440,567,17,34,0.609375
138,16,1880,501,26,53,6.343750
138,17,0,731,9,26,3.203125
139,1,1399,398,70,257,7.562500
139,3,438,408,96,288,7.625000
139,4,400,441,85,198,6.781250
139,5,1834,473,13,8,1.515625
139,6,34,444,112,224,6.656250
139,7,882,427,50,152,6.718750
139,8,880,442,14,52,0.349609
139,10,1205,423,36,102,7.093750
139,12,667,645,21,34,4.312500
139,13,237,490,79,159,7.406250
139,14,34,432,56,211,6.093750
139,16,1882,501,23,53,6.531250
139,17,0,721,25,36,5.093750
140,1,1397,398,70,257,7.406250
140,3,443,406,98,289,7.562500
140,4,396,441,90,198,6.875000
140,5,1833,473,13,8,1.593750
140,6,30,445,116,223,6.562500
140,7,882,428,49,151,6.875000
140,10,1204,423,36,102,7.062500
140,13,236,490,78,159,7.125000
140,14,27,428,55,214,5.906250
140,16,1880,501,24,53,6.562500
140,17,0,691,31,67,5.125000
141,1,1395,397,69,258,7.500000
141,3,441,406,107,289,7.093750
141,4,392,440,67,198,6.593750
141,5,1832,474,14,7,1.257812
141,6,24,445,121,223,6.093750
141,7,875,428,52,152,6.875000
141,10,1203,429,36,97,6.750000
141,12,702,650,22,29,1.625000
141,13,236,488,77,160,7.062500
141,14,21,429,57,215,6.156250
141,15,487,446,35,93,0.558594
141,16,1879,501,24,54,6.687500
141,17,0,543,32,213,1.000000
142,1,1393,397,67,258,7.531250
142,3,440,406,112,288,7.218750
142,4,389,439,69,199,6.875000
142,5,1829,472,16,10,1.640625
142,6,26,447,119,222,6.312500
142,7,866,428,56,152,6.843750
142,10,1202,423,36,104,6.875000
142,12,706,650,31,27,5.812500
142,13,229,488,81,160,6.906250
142,14,22,430,52,212,5.906250
142,15,492,444,34,107,0.531250
142,16,1875,501,26,54,6.687500
142,17,0,448,43,308,6.593750
143,1,1392,395,65,260,7.593750
143,3,440,406,117,288,7.000000
143,4,387,438,67,199,7.281250
143,5,1829,471,15,10,2.031250
143,6,32,446,112,221,6.312500
143,7,860,429,62,151,6.937500
143,10,1202,422,36,104,6.843750
143,12,721,649,28,26,7.593750
143,13,226,487,78,160,7.031250
143,14,15,427,63,211,5.218750
143,15,494,451,37,73,1.109375
143,16,1877,500,23,55,6.781250
143,17,0,429,74,325,6.250000
144,1,1390,394,66,261,7.500000
144,3,444,405,117,288,6.906250
144,4,388,436,66,200,7.062500
144,5,1828,471,14,10,2.296875
144,6,46,445,96,221,6.687500
144,7,856,429,66,151,6.781250
144,10,1200,421,38,105,6.812500
144,12,731,646,26,27,7.187500
144,13,225,485,73,162,6.906250
144,14,0,428,78,211,1.554688
144,15,496,450,40,59,1.125000
144,16,1876,500,23,54,6.781250
144,17,0,430,75,324,5.875000
145,1,1388,393,65,262,7.531250
145,3,443,404,121,289,7.218750
145,4,382,435,70,201,6.906250
145,5,1827,471,14,10,2.187500
145,6,48,436,91,228,4.968750
145,7,856,430,65,151,6.812500
145,10,1201,421,36,104,6.625000
145,12,735,646,26,26,7.031250
145,13,225,485,67,162,6.718750
145,14,0,424,24,52,2.609375
145,15,499,453,42,57,1.171875
145,16,1875,500,23,55,6.875000
145,17,0,422,103,330,5.781250
146,1,1385,391,67,263,7.593750
146,3,443,404,121,288,7.156250
146,4,376,434,68,202,6.687500
146,5,1827,471,13,10,2.078125
146,6,77,587,57,77,3.906250
146,7,856,429,64,153,6.843750
146,10,1201,420,35,105,6.750000
146,12,736,649,28,23,7.468750
146,13,222,485,64,161,6.875000
146,14,0,423,35,190,3.500000
146,15,501,452,39,58,1.031250
146,16,1874,499,23,56,6.781250
146,17,0,424,109,325,5.562500
147,1,1380,391,70,263,7.468750
147,3,443,404,120,288,7.437500
147,4,373,435,68,202,6.812500
147,5,1826,470,12,10,2.093750
147,6,0,448,125,219,4.250000
147,7,856,429,62,153,6.875000
147,8,884,441,13,16,0.277344
147,10,1201,420,35,105,6.781250
147,12,736,649,30,23,7.062500
147,13,220,484,56,162,6.906250
147,14,0,423,35,97,5.250000
147,15,501,448,39,100,0.816406
147,16,1874,498,22,57,6.906250
147,17,4,426,120,317,6.062500
148,1,1379,391,70,264,7.500000
148,3,443,406,120,286,7.500000
148,4,368,435,71,203,6.468750
148,5,1825,470,12,10,2.000000
148,6,0,439,112,230,5.031250
148,7,853,428,61,154,6.906250
148,8,882,441,15,22,0.427734
148,10,1200,420,36,106,6.968750
148,12,736,648,30,24,6.937500
148,13,217,483,53,163,7.000000
148,14,0,423,34,109,5.156250
148,15,506,445,37,69,0.632812
148,16,1873,498,23,57,6.968750
148,17,18,420,117,306,6.312500
149,1,1377,391,71,263,7.437500
149,3,444,403,120,288,7.531250
149,4,367,435,71,203,6.625000
149,5,1825,470,12,10,2.015625
149,6,0,437,84,230,6.031250
149,7,850,427,56,154,6.687500
149,8,881,441,14,16,1.539062
149,10,1200,420,37,106,7.000000
149,12,736,650,30,21,7.250000
149,13,216,483,52,164,7.000000
149,14,0,424,28,123,4.468750
149,15,508,444,34,74,0.386719
149,16,1872,497,23,57,7.125000
149,17,35,421,113,296,6.625000
150,1,1376,390,72,265,7.593750
150,3,444,402,120,288,7.562500
150,4,367,435,71,203,6.875000
150,5,1824,470,12,10,2.156250
150,6,0,437,92,229,6.218750
150,7,847,427,57,155,6.906250
150,8,881,441,14,17,1.960938
150,10,1199,420,38,106,7.093750
150,12,736,649,31,22,6.906250
150,13,214,483,54,164,6.875000
150,14,0,424,25,122,4.406250
150,15,508,447,36,72,0.246094
150,16,1872,497,23,58,6.968750
150,17,46,422,109,297,6.281250
151,1,1374,390,73,264,7.656250
151,3,445,402,119,287,7.625000
151,4,358,435,75,202,6.843750
151,5,1824,470,11,10,2.171875
151,6,0,435,79,230,6.031250
151,7,842,426,54,155,6.906250
151,8,883,441,12,17,2.343750
151,10,1200,420,37,106,7.156250
151,12,735,648,32,23,6.406250
151,13,212,482,55,166,6.687500
151,14,0,424,21,107,4.125000
151,16,1871,497,23,58,7.281250
151,17,63,426,108,290,5.781250
152,1,1373,391,74,264,7.656250
152,3,447,401,119,288,7.593750
152,4,353,435,81,201,7.031250
152,5,1824,469,12,11,2.312500
152,6,0,434,67,231,6.156250
152,7,840,426,52,154,7.000000
152,8,884,442,13,26,2.937500
152,10,1200,420,38,107,7.312500
152,12,743,648,25,22,5.531250
152,13,210,482,56,165,6.750000
152,14,0,439,17,88,1.765625
152,15,516,441,32,113,0.009155
152,16,1871,497,23,58,7.343750
152,17,81,429,107,287,5.406250
153,1,1370,392,77,263,7.625000
153,3,449,400,118,288,7.468750
153,4,350,436,85,202,6.875000
153,5,1825,470,11,11,2.640625
153,6,0,434,62,231,6.562500
153,7,841,425,50,155,6.750000
153,8,884,442,14,42,3.484375
153,10,1201,420,38,107,7.218750
153,12,746,644,22,25,3.750000
153,13,209,483,56,164,6.781250
153,14,0,438,15,71,0.625000
153,15,524,456,30,134,1.359375
153,16,1871,497,23,59,7.406250
153,17,101,429,99,286,5.468750
154,1,1364,393,83,263,7.812500
154,3,452,400,116,289,7.500000
154,4,349,436,88,202,7.218750
154,5,1825,470,12,13,2.906250
154,6,0,432,63,234,6.968750
154,7,843,425,44,157,6.968750
154,8,885,443,15,49,3.765625
154,10,1201,422,40,106,7.375000
154,12,739,656,24,16,5.093750
154,13,209,484,56,163,7.031250
154,15,529,447,39,142,2.515625
154,16,1872,498,23,59,7.406250
154,17,116,428,95,285,5.593750
155,1,1356,394,91,263,7.812500
155,3,454,402,116,287,8.125000
155,4,348,436,90,203,7.250000
155,5,1825,472,12,13,2.828125
155,6,0,434,61,232,6.750000
155,7,843,427,42,155,6.906250
155,8,886,442,15,52,3.875000
155,10,1202,423,40,106,7.281250
155,12,741,651,31,21,6.531250
155,13,215,486,50,161,6.812500
155,15,543,481,27,107,2.171875
155,16,1872,500,23,59,7.406250
155,17,127,423,97,288,5.593750
156,1,1349,395,99,263,7.531250
156,3,459,403,112,285,7.625000
156,4,350,436,90,203,7.375000
156,5,1826,472,14,14,2.937500
156,6,0,432,64,231,6.750000
156,7,838,428,46,155,7.000000
156,8,887,442,18,52,4.062500
156,10,1203,423,41,107,7.187500
156,12,743,651,29,20,7.125000
156,13,224,487,45,157,6.812500
156,15,551,507,24,76,2.312500
156,16,1874,501,23,59,7.312500
156,17,135,416,114,292,5.437500
157,1,1347,396,103,263,7.656250
157,3,466,404,109,284,7.406250
157,4,352,435,91,203,7.375000
157,5,1828,473,14,14,3.187500
157,6,0,432,67,229,6.687500
157,7,832,428,53,155,7.093750
157,8,889,443,18,50,4.531250
157,10,1207,424,39,106,6.937500
157,12,746,649,27,22,7.562500
157,13,218,485,53,161,5.312500
157,15,556,481,18,94,1.804688
157,16,1873,501,26,61,7.250000
157,17,142,412,130,287,5.812500
158,1,1345,398,106,263,7.500000
158,3,474,404,103,283,7.281250
158,4,354,435,91,204,7.000000
158,5,1831,475,13,14,3.281250
158,6,0,432,70,229,6.468750
158,7,828,429,58,155,6.968750
158,8,892,443,16,51,4.718750
158,10,1209,425,39,107,6.906250
158,12,747,649,32,23,7.500000
158,13,220,525,51,122,3.296875
158,15,550,432,27,140,1.632812
158,16,1878,504,23,61,7.093750
158,17,158,412,127,272,5.906250
159,1,1346,400,106,262,7.468750
159,3,483,403,97,284,7.500000
159,4,356,433,88,205,7.250000
159,5,1831,477,14,14,3.328125
159,6,0,435,72,224,6.218750
159,7,828,430,59,155,6.968750
159,8,894,443,17,53,5.062500
159,10,1212,426,38,106,6.781250
159,12,751,649,31,23,7.281250
159,13,223,591,31,54,3.687500
159,15,555,425,27,147,1.406250
159,16,1880,505,23,61,7.000000
159,17,175,415,119,270,5.875000
160,1,1349,400,104,263,7.625000
160,3,492,401,90,285,7.218750
160,4,357,432,87,205,7.531250
160,5,1834,477,13,14,3.234375
160,6,0,434,75,223,6.625000
160,7,830,430,57,155,7.187500
160,8,896,447,17,48,4.875000
160,10,1214,425,38,107,6.687500
160,12,754,649,29,22,7.406250
160,13,224,612,39,32,3.109375
160,15,560,433,27,132,1.460938
160,16,1882,507,23,60,7.312500
160,17,189,416,111,269,5.937500
161,1,1352,402,102,262,7.593750
161,3,501,399,90,286,7.343750
161,4,351,431,93,205,7.406250
161,5,1837,479,13,13,3.000000
161,6,0,434,76,222,6.218750
161,7,836,429,49,155,7.468750
161,8,898,444,19,52,5.062500
161,10,1215,426,40,108,6.875000
161,12,757,646,29,25,7.187500
161,13,213,511,45,131,5.031250
161,15,562,437,31,117,0.859375
161,16,1885,508,23,61,7.000000
161,17,217,421,98,263,5.656250
162,1,1356,402,99,263,7.468750
162,3,505,396,93,291,7.281250
162,4,354,430,85,205,7.531250
162,5,1839,479,14,13,3.359375
162,6,0,430,75,224,6.187500
162,7,836,428,47,155,7.343750
162,8,901,443,18,53,5.125000
162,10,1218,425,39,108,7.218750
162,12,760,645,29,24,7.125000
162,13,216,482,46,132,6.718750
162,16,1887,508,23,62,7.375000
162,17,234,421,95,261,5.625000
163,1,1357,402,99,264,7.812500
163,3,512,397,91,290,7.281250
163,4,358,429,75,205,7.500000
163,5,1841,479,14,14,3.250000
163,6,0,428,67,225,6.093750
163,7,839,428,39,155,7.343750
163,8,903,443,18,53,5.500000
163,10,1221,426,37,108,7.187500
163,12,763,642,29,26,6.812500
163,13,218,482,49,158,7.187500
163,15,575,435,30,110,0.135742
163,16,1889,508,23,63,7.343750
163,17,242,419,98,262,5.625000
164,1,1361,402,97,264,7.843750
164,3,518,397,91,290,7.375000
164,4,356,429,72,205,7.468750
164,5,1843,480,15,13,3.328125
164,6,0,424,60,224,6.250000
164,7,839,427,37,154,6.375000
164,8,906,443,19,52,5.625000
164,10,1223,426,38,109,7.125000
164,12,770,634,25,33,7.062500
164,13,220,481,52,159,7.218750
164,15,580,436,31,112,0.176758
164,16,1891,509,24,63,7.437500
164,17,255,415,101,263,5.312500
165,1,1364,402,96,264,7.875000
165,3,521,395,93,292,7.125000
165,4,365,428,59,205,6.968750
165,5,1846,480,14,12,3.265625
165,6,0,424,49,231,6.312500
165,7,845,439,30,83,4.625000
165,8,908,443,18,52,5.593750
165,10,1226,426,38,109,6.968750
165,12,777,629,24,37,6.906250
165,13,219,480,56,159,6.875000
165,15,585,439,32,143,0.796875
165,16,1893,509,27,63,7.437500
165,17,275,411,91,266,4.906250
166,1,1366,402,96,265,8.000000
166,3,520,396,98,291,7.156250
166,4,371,428,51,205,7.531250
166,5,1846,480,15,13,3.187500
166,6,0,424,44,231,6.187500
166,7,847,440,28,75,4.718750
166,8,909,443,18,52,5.812500
166,10,1227,427,38,108,7.156250
166,12,783,627,22,39,7.812500
166,13,216,480,62,159,7.000000
166,15,587,445,31,137,0.902344
166,16,1895,509,25,64,7.531250
166,17,279,410,93,266,5.187500
167,1,1368,402,97,264,8.000000
167,3,528,395,96,292,7.406250
167,4,372,427,52,205,7.156250
167,5,1848,480,16,14,3.046875
167,6,0,426,32,228,5.406250
167,7,853,447,22,63,2.062500
167,8,913,443,17,51,5.843750
167,10,1229,427,38,108,7.125000
167,12,793,624,20,37,7.156250
167,13,209,478,70,160,6.750000
167,15,588,406,36,144,0.042969
167,16,1897,510,23,64,7.062500
167,17,294,409,91,259,5.406250
168,1,1372,401,96,265,7.937500
168,3,534,395,94,292,7.500000
168,4,374,426,51,206,6.718750
168,5,1847,479,20,17,2.968750
168,6,0,428,20,226,5.406250
168,7,842,440,36,52,0.357422
168,8,914,443,19,51,6.000000
168,10,1233,427,36,109,6.937500
168,12,804,620,20,38,6.656250
168,13,205,479,75,160,6.937500
168,15,594,436,35,111,0.090332
168,16,1900,509,20,64,6.875000
168,17,308,412,89,243,5.468750
169,1,1371,400,100,266,7.750000
169,3,539,395,94,291,7.218750
169,4,386,426,40,204,6.625000
169,5,1849,478,20,18,3.015625
169,6,0,436,19,218,5.031250
169,7,818,426,34,159,3.234375
169,8,918,442,17,52,5.468750
169,10,1234,427,37,108,6.843750
169,12,816,620,18,35,6.718750
169,13,205,479,76,160,6.656250
169,16,1902,509,18,64,5.781250
169,17,321,414,86,242,5.875000
170,1,1369,397,105,268,7.906250
170,3,541,394,96,291,7.343750
170,4,388,424,38,204,5.562500
170,5,1850,476,19,18,2.890625
170,6,0,443,21,211,4.875000
170,7,809,422,40,160,5.281250
170,8,919,441,17,51,5.562500
170,10,1236,425,37,109,6.843750
170,12,827,621,21,32,6.843750
170,13,206,477,75,161,6.625000
170,16,1902,508,18,65,5.375000
170,17,334,417,90,237,5.500000
171,1,1367,397,109,268,7.531250
171,3,543,392,97,293,7.000000
171,4,344,424,87,205,4.875000
171,5,1852,476,19,18,2.937500
171,6,0,478,23,176,4.562500
171,7,802,422,48,160,5.812500
171,8,921,443,17,49,5.531250
171,10,1236,425,38,110,6.781250
171,12,840,624,19,29,5.531250
171,13,206,476,76,163,6.656250
171,16,1905,508,15,65,5.000000
171,17,346,421,86,233,5.437500
172,1,1366,397,110,268,7.812500
172,3,545,393,99,292,7.343750
172,4,339,557,72,71,5.125000
172,5,1854,475,18,17,2.953125
172,6,0,493,25,161,4.718750
172,7,796,422,54,160,6.000000
172,8,922,442,18,50,5.906250
172,10,1238,425,36,109,6.812500
172,12,852,634,13,16,1.937500
172,13,207,478,74,161,6.812500
172,16,1906,513,14,58,5.000000
172,17,358,421,85,233,6.093750
173,1,1364,396,111,269,7.406250
173,3,546,393,100,292,7.812500
173,4,335,432,55,197,5.718750
173,5,1855,474,16,17,3.015625
173,6,0,498,25,156,4.406250
173,7,796,425,53,159,5.750000
173,8,923,442,18,51,6.000000
173,10,1237,424,39,111,6.812500
173,13,206,476,75,164,7.031250
173,15,613,444,34,80,0.014404
173,16,1906,514,14,57,4.968750
173,17,366,418,78,236,6.031250
174,1,1362,395,112,269,7.531250
174,3,546,393,101,291,7.687500
174,4,333,425,83,205,6.656250
174,5,1854,474,16,17,2.828125
174,6,0,505,24,149,4.250000
174,7,794,424,56,160,6.250000
174,8,925,441,15,51,5.968750
174,10,1236,423,39,111,6.750000
174,12,879,627,20,23,3.531250
174,13,206,477,73,162,6.906250
174,16,1904,514,16,57,4.906250
174,17,375,413,73,240,5.843750
175,1,1361,395,109,269,7.718750
175,3,545,393,103,291,8.062500
175,4,332,426,87,205,7.250000
175,5,1852,473,18,17,2.953125
175,6,0,516,24,137,4.250000
175,7,794,424,74,161,6.312500
175,8,925,442,16,50,6.062500
175,10,1237,424,37,109,7.093750
175,12,888,627,22,25,6.437500
175,13,206,476,73,163,6.812500
175,15,614,440,34,103,0.096680
175,16,1903,512,17,58,4.843750
175,17,383,408,76,242,6.125000
176,1,1360,394,108,270,7.281250
176,3,545,391,103,292,7.875000
176,4,331,425,69,205,7.656250
176,5,1851,472,17,17,2.968750
176,6,0,521,20,131,3.937500
176,7,794,421,72,163,6.562500
176,8,924,440,17,51,5.531250
176,10,1236,422,38,111,6.968750
176,12,892,624,24,26,6.843750
176,13,206,476,74,162,6.718750
176,15,614,439,35,97,0.051758
176,16,1902,509,18,59,4.500000
176,17,388,404,83,240,6.062500
177,1,1358,392,107,272,7.468750
177,3,545,390,103,292,7.625000
177,4,330,424,73,205,7.593750
177,5,1849,469,18,20,3.093750
177,6,0,618,14,30,3.406250
177,7,794,421,67,161,6.562500
177,8,925,439,16,49,5.187500
177,10,1236,420,38,112,7.125000
177,12,896,622,21,25,6.781250
177,13,205,474,67,163,6.625000
177,16,1899,505,21,62,4.906250
177,17,392,402,83,231,6.000000
178,1,1357,388,104,274,7.187500
178,3,547,387,102,291,7.687500
178,4,329,420,81,204,7.250000
178,5,1846,466,20,65,2.625000
178,6,0,616,5,8,0.964844
178,7,794,416,57,163,6.781250
178,8,928,435,14,50,4.312500
178,10,1235,418,38,110,6.968750
178,12,897,624,23,20,7.093750
178,13,205,472,72,161,6.750000
178,16,1899,501,21,62,4.875000
178,17,399,400,78,227,5.250000
179,1,1355,384,103,274,7.343750
179,3,545,381,105,292,7.937500
179,4,329,414,92,206,7.625000
179,5,1846,459,19,19,2.781250
179,7,790,409,52,164,6.875000
179,8,927,433,14,46,3.140625
179,10,1235,412,38,112,7.031250
179,12,898,619,23,19,7.031250
179,13,199,467,74,161,6.531250
179,16,1898,496,22,62,4.250000
179,17,406,398,75,225,5.093750
180,1,1355,378,99,276,7.500000
180,3,545,375,106,293,8.000000
180,4,328,409,94,206,7.500000
180,5,1846,454,19,20,2.671875
180,7,789,403,43,165,6.906250
180,8,928,425,13,49,3.906250
180,10,1234,406,39,112,7.093750
180,12,897,615,24,18,6.562500
180,13,199,462,71,161,6.656250
180,16,1897,491,23,60,4.593750
180,17,407,396,82,222,5.187500
181,1,1353,373,98,276,7.375000
181,3,546,371,105,291,7.781250
181,4,324,403,95,206,7.500000
181,5,1841,447,24,22,2.593750
181,7,781,397,46,167,6.750000
181,8,927,420,14,49,3.828125
181,10,1233,402,39,112,7.031250
181,12,896,609,24,19,5.531250
181,13,195,456,71,161,6.656250
181,16,1895,486,25,60,4.500000
181,17,409,393,85,220,5.250000
182,1,1353,371,97,276,7.343750
182,3,545,367,107,293,8.062500
182,4,324,401,92,206,7.312500
182,5,1842,444,27,57,2.656250
182,7,778,394,47,168,6.593750
182,8,928,419,12,45,3.296875
182,10,1232,399,40,112,6.968750
182,12,894,606,26,20,6.156250
182,13,194,453,72,162,6.531250
182,16,1894,482,26,62,4.656250
182,17,413,391,85,220,5.250000
183,1,1352,364,97,277,7.375000
183,3,547,363,106,291,8.312500
183,4,322,395,90,207,7.218750
183,5,1843,439,25,89,2.843750
183,7,774,389,49,167,7.062500
183,8,926,413,14,47,3.296875
183,10,1233,394,39,112,6.906250
183,12,898,599,23,21,5.843750
183,13,191,448,72,162,6.531250
183,15,694,506,12,33,0.412109
183,16,1893,476,27,61,5.062500
183,17,421,385,84,220,5.062500
184,1,1351,360,96,275,7.531250
184,3,548,358,107,292,8.312500
184,4,319,391,80,206,7.156250
184,5,1840,432,25,81,2.671875
184,7,763,386,55,167,7.437500
184,8,927,408,14,47,2.984375
184,10,1232,389,40,112,7.031250
184,12,905,596,15,18,4.406250
184,13,188,442,72,166,6.531250
184,15,694,495,16,40,1.109375
184,16,1893,470,27,62,5.281250
184,17,429,378,81,222,5.000000
185,1,1350,357,95,276,7.312500
185,3,547,354,110,293,8.312500
185,4,316,386,76,208,7.343750
185,5,1840,428,24,75,2.718750
185,7,757,383,58,166,7.093750
185,8,923,404,15,43,2.500000
185,10,1232,385,39,112,6.906250
185,12,896,601,13,10,1.960938
185,13,185,440,72,166,6.625000
185,15,693,480,18,54,1.468750
185,16,1894,468,22,60,5.156250
185,17,435,372,79,223,5.312500
186,1,1348,355,97,275,7.625000
186,3,548,352,111,292,8.875000
186,4,315,383,70,208,7.281250
186,5,1839,425,25,88,2.890625
186,7,749,381,64,165,7.125000
186,8,924,401,15,44,2.296875
186,10,1231,382,40,111,6.812500
186,12,894,588,19,21,5.750000
186,13,181,437,71,166,6.593750
186,15,693,474,17,57,1.835938
186,16,1892,464,23,61,5.281250
186,17,440,369,76,220,5.375000
187,1,1348,352,97,276,7.406250
187,3,547,347,113,294,8.562500
187,4,311,380,72,208,7.281250
187,5,1840,422,24,89,2.609375
187,7,745,380,67,164,6.812500
187,8,921,396,16,45,2.062500
187,10,1230,378,40,113,6.687500
187,12,894,586,26,20,6.375000
187,13,179,436,69,166,6.531250
187,15,692,445,18,83,2.203125
187,16,1892,462,22,59,5.062500
187,17,447,368,78,210,5.312500
188,1,1347,350,99,277,7.500000
188,3,548,346,115,293,8.375000
188,4,308,379,73,208,7.125000
188,5,1836,419,29,90,2.546875
188,7,742,378,69,165,7.093750
188,8,927,397,11,34,1.007812
188,10,1229,377,41,113,6.718750
188,12,894,584,22,20,7.093750
188,13,177,436,64,163,6.625000
188,15,690,440,19,86,2.453125
188,16,1892,460,22,59,5.125000
188,17,453,368,74,207,5.437500
189,1,1347,347,99,278,7.718750
189,3,548,345,117,293,8.375000
189,4,307,376,72,212,7.093750
189,5,1835,417,25,90,2.625000
189,7,740,376,68,167,6.906250
189,8,925,393,13,33,1.171875
189,10,1229,374,40,114,7.000000
189,12,894,582,22,20,7.625000
189,13,174,433,65,166,6.687500
189,15,688,361,22,164,3.156250
189,16,1891,458,22,60,5.343750
189,17,459,370,73,204,5.625000
190,1,1346,346,101,278,7.625000
190,3,548,343,118,293,8.062500
190,4,305,375,72,213,7.125000
190,5,1835,415,25,91,2.500000
190,7,738,373,63,168,7.000000
190,10,1229,373,39,114,7.156250
190,12,893,581,22,19,8.062500
190,13,172,432,63,166,6.656250
190,15,688,362,21,162,2.812500
190,16,1887,456,25,61,5.281250
190,17,464,372,76,201,5.218750
191,1,1347,345,100,278,7.812500
191,3,549,342,118,294,8.125000
191,4,304,375,70,213,7.250000
191,5,1834,413,24,93,2.531250
191,7,739,372,53,169,7.218750
191,10,1228,372,39,115,7.156250
191,12,893,580,24,20,7.968750
191,13,170,431,61,167,6.812500
191,15,688,363,27,161,2.921875
191,16,1888,456,21,59,5.312500
191,17,469,372,76,200,5.156250
192,1,1346,343,102,280,7.843750
192,3,549,342,119,293,8.062500
192,4,300,375,71,212,7.000000
192,5,1832,412,26,93,2.640625
192,7,740,370,41,170,7.062500
192,10,1227,371,39,115,7.093750
192,12,893,578,23,21,7.593750
192,13,167,433,60,167,6.812500
192,15,688,362,30,160,2.984375
192,16,1886,454,23,62,5.187500
192,17,474,371,75,200,5.062500
193,1,1347,342,101,280,7.562500
193,3,549,342,120,293,8.000000
193,4,295,376,74,212,6.906250
193,5,1831,411,26,94,2.625000
193,7,734,368,41,171,6.625000
193,10,1226,371,39,115,6.906250
193,12,893,577,22,22,7.468750
193,13,164,433,61,166,6.687500
193,15,688,362,32,160,3.171875
193,16,1886,453,22,62,5.468750
193,17,480,369,69,201,5.250000
194,1,1348,341,101,281,7.500000
194,3,550,341,120,294,8.000000
194,4,290,376,76,212,6.937500
194,5,1828,411,29,90,2.562500
194,7,727,368,44,171,6.718750
194,10,1225,371,40,115,7.031250
194,12,893,575,23,23,7.656250
194,13,162,432,62,167,6.531250
194,15,688,365,32,157,3.296875
194,16,1886,454,20,59,5.343750
194,17,484,365,69,204,4.968750
195,1,1349,340,101,281,7.781250
195,3,550,341,121,293,8.062500
195,4,287,377,75,211,7.156250
195,5,1826,410,30,91,2.750000
195,7,723,367,44,173,7.000000
195,10,1224,371,40,115,7.156250
195,12,893,574,21,24,7.281250
195,13,160,431,62,168,6.531250
195,15,688,363,38,159,3.281250
195,16,1883,452,23,61,4.937500
195,17,489,362,65,204,5.187500
196,1,1350,339,100,282,7.843750
196,3,550,340,122,294,8.000000
196,4,284,377,76,211,7.187500
196,5,1825,407,30,93,2.828125
196,7,718,367,45,171,6.875000
196,10,1223,370,40,114,7.375000
196,12,894,569,21,28,7.187500
196,13,159,430,61,169,6.593750
196,15,688,363,36,158,3.625000
196,16,1883,451,21,61,4.562500
196,17,494,361,64,197,5.656250
197,1,1349,338,101,282,7.906250
197,3,553,340,120,294,8.250000
197,4,282,377,76,211,7.000000
197,5,1824,405,32,96,2.921875
197,7,708,368,52,169,7.000000
197,10,1222,371,40,114,7.562500
197,12,895,564,21,32,7.406250
197,13,159,429,60,170,6.593750
197,15,688,365,34,155,3.843750
197,16,1884,434,22,77,3.531250
197,17,498,361,62,195,5.656250
198,1,1349,338,101,282,7.843750
198,3,554,340,119,294,8.062500
198,4,281,377,76,212,6.937500
198,5,1823,405,32,96,3.000000
198,7,700,368,58,171,7.125000
198,10,1222,371,40,114,7.687500
198,12,897,563,19,33,7.468750
198,13,155,429,62,170,6.875000
198,15,688,367,31,153,3.781250
198,16,1883,433,23,79,2.718750
198,17,501,365,59,192,5.468750
199,1,1346,338,103,282,8.062500
199,3,554,341,120,293,8.062500
199,4,280,377,77,213,6.781250
199,5,1821,405,33,90,2.953125
199,7,692,368,65,171,7.312500
199,10,1221,371,40,113,7.531250
199,12,901,559,17,35,7.218750
199,13,153,429,63,170,6.906250
199,15,687,373,27,151,3.328125
199,16,1881,432,22,80,2.718750
199,17,504,366,56,191,5.375000
200,1,1340,337,109,282,8.062500
200,3,556,340,118,294,8.125000
200,4,275,376,82,214,6.593750
200,5,1820,404,32,91,3.171875
200,7,689,369,67,169,6.906250
200,10,1220,370,40,114,7.437500
200,12,904,553,21,36,7.281250
200,13,152,429,62,170,6.812500
200,15,688,369,32,142,2.578125
200,16,1881,431,20,79,2.843750
200,17,509,368,55,188,5.437500
201,1,1336,337,113,282,8.125000
201,3,556,340,119,294,8.125000
201,4,279,376,78,214,6.593750
201,5,1818,403,35,88,3.171875
201,7,688,368,67,172,6.468750
201,8,919,391,15,11,0.582031
201,10,1219,369,40,114,7.625000
201,12,910,551,20,35,7.187500
201,13,150,428,61,171,6.750000
201,15,695,369,37,61,1.484375
201,16,1876,430,21,79,2.437500
201,17,511,367,56,189,5.593750
202,1,1333,336,117,282,8.000000
202,3,558,339,119,294,7.968750
202,4,280,375,77,214,6.468750
202,5,1817,401,34,89,3.203125
202,7,688,369,66,169,6.343750
202,8,919,389,16,14,1.500000
202,10,1218,367,42,116,7.812500
202,12,918,552,17,32,7.250000
202,13,149,429,60,170,6.750000
202,15,715,367,31,85,1.960938
202,16,1876,428,23,81,2.203125
202,17,517,364,53,191,5.593750
203,1,1331,336,119,282,8.062500
203,3,560,339,117,294,7.687500
203,4,279,375,74,214,6.437500
203,5,1815,400,36,90,3.312500
203,7,687,368,64,169,6.781250
203,8,918,390,17,16,1.812500
203,10,1218,366,40,116,7.687500
203,12,924,553,22,33,6.593750
203,13,146,430,61,172,6.750000
203,15,712,366,38,92,3.390625
203,16,1872,427,25,82,3.187500
203,17,519,363,53,191,5.562500
204,1,1332,336,118,282,8.062500
204,3,560,340,118,293,7.843750
204,4,275,375,75,214,6.687500
204,5,1814,399,35,87,3.562500
204,7,684,368,63,172,6.187500
204,8,917,391,16,17,2.140625
204,10,1216,366,41,116,7.500000
204,12,932,558,18,27,5.218750
204,13,137,431,65,172,6.750000
204,15,711,362,42,117,4.125000
204,16,1874,426,22,83,3.796875
204,17,521,362,53,191,5.406250
205,1,1334,335,116,285,7.843750
205,3,561,340,118,293,7.593750
205,4,273,374,74,215,6.500000
205,5,1814,398,37,88,3.640625
205,7,684,367,60,173,5.562500
205,8,916,390,17,43,3.046875
205,10,1216,366,41,116,7.593750
205,12,940,568,12,20,0.190430
205,13,130,431,72,172,6.843750
205,15,707,362,46,123,4.187500
205,16,1872,425,21,84,4.093750
205,17,521,362,53,188,5.406250
206,1,1336,335,115,287,7.687500
206,3,561,339,119,294,7.437500
206,4,270,373,75,216,6.468750
206,5,1813,397,34,89,3.562500
206,7,684,368,51,170,5.375000
206,8,918,389,15,49,3.828125
206,10,1216,365,41,118,7.468750
206,12,956,564,19,23,1.140625
206,13,126,431,76,172,6.906250
206,15,705,361,49,131,4.343750
206,16,1870,424,22,84,3.968750
206,17,530,363,48,180,5.375000
207,1,1339,335,112,288,7.906250
207,3,564,339,117,293,7.937500
207,4,268,373,71,216,6.312500
207,5,1813,396,36,90,3.593750
207,7,684,374,40,164,4.875000
207,8,919,388,14,50,3.875000
207,10,1216,365,42,117,7.562500
207,12,965,562,21,20,5.593750
207,13,127,431,76,173,6.875000
207,15,706,360,50,152,5.062500
207,16,1870,422,22,85,4.187500
207,17,536,363,45,179,5.562500
208,1,1341,335,110,289,7.687500
208,3,565,339,118,293,7.843750
208,4,266,372,66,217,6.500000
208,5,1813,395,34,90,3.687500
208,7,685,386,29,152,4.250000
208,8,920,387,14,51,4.343750
208,10,1216,364,43,119,7.843750
208,12,976,560,18,21,6.437500
208,13,129,432,73,173,7.031250
208,15,708,360,51,152,5.156250
208,16,1871,422,21,85,3.546875
208,17,542,362,42,181,5.375000
209,1,1343,335,109,289,7.562500
209,3,566,339,119,293,7.625000
209,4,264,371,64,217,6.312500
209,5,1814,394,34,90,3.765625
209,7,685,387,24,149,3.468750
209,8,920,386,15,51,4.406250
209,10,1216,364,44,119,7.906250
209,12,982,556,19,24,6.437500
209,13,130,432,73,173,6.968750
209,15,712,360,55,151,5.218750
209,16,1871,421,22,86,3.312500
209,17,545,365,41,177,5.000000
210,1,1345,335,107,290,7.656250
210,3,568,339,118,293,7.656250
210,4,265,372,61,216,6.437500
210,5,1814,393,32,89,3.765625
210,7,683,389,22,150,2.796875
210,8,919,386,18,51,4.781250
210,10,1217,365,44,118,7.968750
210,12,987,557,19,23,7.000000
210,13,128,432,72,174,6.968750
210,15,717,362,58,150,5.062500
210,16,1869,420,24,87,3.796875
210,17,552,367,38,175,4.656250
